0	1
0	2
0	3
0	4
0	5
0	6
0	7
0	8
0	9
0	10
0	11
0	12
0	13
0	14
1	15
1	16
1	17
1	18
1	19
1	20
1	12
1	13
1	21
1	11
1	22
2	16
2	19
2	23
2	12
2	21
2	13
2	11
2	22
2	20
3	24
3	25
3	26
3	27
3	21
3	13
3	12
3	28
3	14
3	4
4	29
4	25
4	30
4	31
4	32
4	14
4	4
4	12
4	13
4	11
4	33
4	34
4	22
5	35
5	30
5	31
5	25
5	16
5	36
5	13
5	37
5	33
5	1525
5	4
6	38
6	30
6	25
6	31
6	12
6	13
6	21
7	39
7	31
7	30
7	25
7	14
7	4
7	21
7	13
7	12
8	40
8	27
8	25
8	31
8	12
8	21
8	13
9	2
9	30
9	31
9	25
9	41
9	12
9	13
9	14
9	34
9	21
10	42
10	43
10	17
10	44
10	12
10	13
10	21
10	11
10	22
10	45
11	46
11	31
11	16
11	17
11	47
11	48
11	12
11	21
11	14
11	4
12	38
12	43
12	17
12	44
12	12
12	13
12	14
12	21
12	22
13	49
13	50
13	4
13	14
13	12
13	11
14	51
14	52
14	53
14	54
14	20
14	14
14	55
14	21
14	10
14	12
14	13
14	56
14	11
15	57
15	19
15	22
15	14
15	4
15	13
15	12
15	58
16	17
16	19
16	59
16	22
16	21
16	13
16	12
16	14
16	4
16	58
17	4
17	14
17	55
17	60
17	61
17	12
18	62
18	63
18	64
18	65
18	66
18	67
18	68
18	69
18	70
18	71
18	72
18	73
18	74
18	75
18	76
18	13
18	12
18	14
18	4
18	21
19	77
19	39
19	12
19	13
19	21
19	11
19	14
19	4
20	46
20	78
20	20
20	12
20	13
20	11
20	21
20	4
20	14
20	22
21	2
21	79
21	55
21	14
21	21
21	13
21	12
21	20
22	80
22	81
22	82
22	83
22	4
22	14
22	12
22	11
22	13
22	22
22	34
23	84
23	4
23	14
23	85
23	86
23	87
23	88
23	89
23	90
23	91
23	4
23	14
24	92
24	93
24	94
24	48
24	44
24	25
24	95
24	79
24	54
24	18
24	96
24	12
24	11
24	13
24	22
24	14
24	4
24	97
25	92
25	93
25	94
25	48
25	44
25	25
25	95
25	79
25	54
25	18
25	96
25	12
25	11
25	13
25	22
25	14
25	4
26	98
26	99
26	100
26	14
26	101
26	4
26	102
26	103
26	55
26	104
26	105
26	106
26	21
26	10
26	33
27	107
27	108
27	109
27	4
27	12
27	10
27	105
28	110
28	2
28	111
28	4
28	14
28	102
28	112
28	12
28	13
28	113
29	110
29	2
29	111
29	4
29	14
29	102
29	112
29	12
29	13
29	11
29	20
30	114
30	54
30	115
30	101
30	4
30	14
30	91
30	116
30	10
30	11
30	13
30	12
30	22
30	7
31	117
31	17
31	44
31	118
31	95
31	4
31	12
31	11
31	20
31	22
31	19
31	28
32	119
32	44
32	120
32	54
32	14
32	4
32	95
32	36
32	12
32	91
32	121
32	22
33	122
33	123
33	124
33	54
33	125
33	36
33	104
33	4
33	14
33	102
33	13
33	91
33	116
33	12
33	11
33	34
33	126
33	127
33	128
34	72
34	4
34	14
34	129
34	10
34	12
34	91
34	11
35	130
35	55
35	129
35	131
35	4
35	102
35	12
35	91
35	132
35	133
36	134
36	21
36	116
36	14
36	4
36	11
36	10
36	91
37	43
37	135
37	12
37	91
37	10
37	11
37	55
37	14
37	4
37	136
37	13
37	33
38	137
38	138
38	139
38	140
38	91
38	19
39	141
39	14
39	125
39	115
39	12
39	13
39	37
39	91
39	116
39	142
39	4
39	11
39	45
40	143
40	14
40	144
40	104
40	12
40	102
40	10
40	13
40	22
40	33
40	7
41	145
41	14
41	101
41	11
41	12
41	37
41	10
41	91
41	104
41	45
42	62
42	14
42	70
42	21
42	4
42	11
42	12
43	77
43	146
43	20
43	12
43	21
43	14
43	4
43	11
43	13
44	46
44	147
44	16
44	17
44	148
44	94
44	25
44	44
44	149
44	19
44	20
44	7
44	150
44	33
44	11
44	12
44	21
44	13
44	91
44	4
44	14
45	151
45	32
45	54
45	44
45	152
45	153
45	154
45	26
45	22
45	21
45	13
45	12
45	113
45	33
46	40
46	155
46	46
46	156
46	25
46	17
46	157
46	158
46	148
46	12
46	13
46	22
46	28
47	24
47	159
47	13
47	34
48	160
48	146
48	161
48	25
48	162
48	12
48	106
49	44
49	12
49	13
49	37
49	14
49	4
49	22
49	97
49	163
49	28
50	43
50	44
50	22
50	12
50	113
50	13
50	33
50	20
51	40
51	41
51	12
51	13
51	20
52	43
52	164
52	148
52	12
52	4
52	14
52	11
52	21
53	3
53	165
53	45
53	10
53	12
53	111
53	14
53	102
54	166
54	3
54	12
54	13
54	21
54	14
54	116
55	167
55	168
55	169
55	170
55	3
55	2
55	12
55	13
55	10
55	91
55	4
55	14
56	2
56	3
56	10
56	12
56	11
56	13
56	14
56	4
56	22
56	7
57	114
57	3
57	2
57	10
57	11
57	13
57	12
57	14
57	4
57	20
58	171
58	3
58	101
58	172
58	12
58	13
58	7
58	55
59	173
59	3
59	13
59	20
59	12
60	2
60	3
60	124
60	174
60	12
60	13
60	21
60	14
60	11
61	49
61	175
61	14
61	4
61	60
61	56
61	113
61	12
62	167
62	169
62	176
62	91
62	177
62	19
62	178
62	179
62	180
62	34
63	167
63	169
63	176
63	91
63	177
63	19
63	178
63	179
63	180
63	34
64	134
64	181
64	19
64	182
64	4
64	102
64	183
64	10
64	55
64	101
64	12
64	91
64	37
64	45
64	128
64	11
64	22
64	104
64	125
64	14
65	184
65	142
65	10
65	91
65	102
65	12
65	13
65	33
66	185
66	12
66	10
66	116
66	142
66	91
66	33
66	13
67	186
67	187
67	188
67	189
67	181
67	111
67	14
67	4
67	102
67	12
67	10
67	55
67	11
67	13
67	20
67	101
68	43
68	79
68	190
68	4
68	7
68	12
68	13
68	91
68	191
69	192
69	25
69	44
69	17
69	55
69	12
69	113
69	13
69	33
69	22
69	28
70	151
70	178
70	7
70	12
70	13
70	22
71	193
71	194
71	142
71	14
71	102
71	12
71	91
71	10
71	116
71	4
71	33
72	77
72	195
72	196
72	14
72	4
72	10
72	11
72	21
72	13
72	20
72	22
73	197
73	101
73	55
73	4
73	14
73	102
73	22
73	12
73	116
73	10
73	11
73	91
73	21
73	142
73	34
74	198
74	199
74	12
74	13
74	133
74	14
74	4
74	79
75	39
75	200
75	70
75	201
75	202
75	203
75	204
75	205
75	206
75	207
75	12
75	13
75	14
75	11
76	173
76	208
76	209
76	7
76	12
76	11
76	91
76	4
76	14
77	146
77	210
77	211
77	212
77	19
77	213
77	214
77	12
77	215
77	91
77	13
77	34
78	216
78	4
78	217
78	10
78	13
78	33
79	218
79	102
79	10
79	13
79	21
79	12
79	4
79	33
79	11
79	34
79	22
79	14
80	51
80	218
80	14
80	4
80	12
80	13
80	11
81	218
81	219
81	12
81	13
81	22
82	220
82	221
82	10
82	91
82	12
82	4
82	14
82	11
82	12
82	129
82	33
83	222
83	152
83	223
83	33
83	4
83	104
83	5
83	10
83	91
83	13
83	34
83	14
83	36
83	55
84	224
84	137
84	225
84	181
84	14
84	4
84	55
84	10
84	217
84	226
84	104
84	227
84	12
85	228
85	207
85	229
85	230
85	19
85	17
85	14
85	4
85	12
85	11
85	231
85	232
85	233
86	234
86	18
86	54
86	9
86	4
86	12
86	13
86	91
86	33
87	222
87	125
87	235
87	12
87	13
87	55
87	101
87	22
87	45
88	93
88	218
88	236
88	167
88	22
88	19
88	12
88	13
88	11
88	237
88	91
88	21
88	238
88	239
88	97
88	4
88	14
89	93
89	218
89	236
89	167
89	240
89	19
89	12
89	13
89	11
89	237
89	91
89	21
89	238
89	239
89	97
89	4
89	14
90	197
90	241
90	12
90	13
90	21
90	20
90	14
90	4
90	237
91	242
91	91
91	178
91	179
91	243
92	244
92	102
92	14
92	4
92	7
92	12
92	13
92	21
92	245
92	238
93	43
93	12
93	10
93	116
93	4
93	14
93	102
93	112
93	91
94	10
94	116
94	13
94	4
94	14
94	11
94	102
94	246
94	91
94	247
94	238
94	4
94	175
94	248
94	249
95	250
95	246
95	91
95	247
95	238
95	4
95	11
95	175
95	142
95	251
95	116
95	13
95	14
95	102
96	141
96	252
96	12
96	4
96	14
96	11
96	13
96	21
97	253
97	254
97	144
97	255
97	165
97	14
97	102
97	4
97	12
97	10
97	116
97	91
97	13
97	11
97	126
97	19
97	135
98	253
98	254
98	144
98	255
98	165
98	14
98	102
98	4
98	12
98	10
98	116
98	91
98	13
98	11
98	126
98	19
98	135
99	15
99	43
99	17
99	25
99	44
99	54
99	151
99	21
99	13
99	12
99	11
99	14
99	4
100	72
100	256
100	257
100	241
100	91
100	11
100	12
100	7
101	197
101	125
101	115
101	9
101	257
101	104
101	14
101	102
101	12
101	13
101	21
101	91
101	34
101	22
102	258
102	12
102	10
102	4
102	55
102	11
102	91
102	45
103	2
103	4
103	174
103	22
103	12
103	13
103	259
104	260
104	261
104	262
104	14
104	102
104	55
104	101
104	11
104	104
104	263
104	21
104	36
105	153
105	12
105	10
105	142
105	238
105	91
106	18
106	142
106	33
106	10
106	91
106	116
106	247
106	4
106	102
106	55
106	13
107	40
107	43
107	264
107	265
107	46
107	156
107	19
107	22
107	4
107	10
107	20
107	13
107	21
107	116
107	12
107	163
108	222
108	266
108	12
108	13
108	14
108	102
108	55
108	11
108	22
108	103
108	267
108	45
108	104
109	102
109	12
109	95
109	55
109	268
109	226
110	269
110	79
110	12
110	116
110	14
110	91
110	267
111	266
111	79
111	54
111	55
111	12
111	102
111	91
111	268
112	79
112	190
112	54
112	270
112	269
112	271
112	272
112	101
112	83
112	14
112	273
112	60
112	55
112	129
112	274
112	12
112	268
113	256
113	79
113	272
113	12
113	102
113	55
113	101
113	91
113	268
114	3
114	12
114	37
114	14
114	275
114	91
114	58
114	55
115	145
115	25
115	254
115	17
115	10
115	14
115	4
115	13
115	33
115	113
115	20
115	12
115	58
115	60
115	56
116	2
116	276
116	12
116	91
116	55
116	112
116	268
117	43
117	12
117	13
117	14
117	102
117	55
117	101
117	11
117	277
117	21
117	91
117	267
117	45
118	253
118	278
118	279
118	280
118	281
118	104
118	14
118	102
118	5
118	125
118	125
118	4
118	91
118	21
118	142
119	40
119	222
119	34
119	12
119	10
119	4
119	14
119	102
119	55
119	22
119	104
119	111
119	238
119	4
119	282
120	125
120	103
120	125
120	34
120	4
120	14
120	55
120	11
120	5
120	283
120	91
120	499
120	104
121	284
121	285
121	286
121	256
121	103
121	104
121	5
121	12
121	11
121	91
121	13
121	10
121	287
121	97
122	288
122	286
122	125
122	14
122	4
122	19
122	104
122	111
122	103
122	12
122	21
122	11
122	13
122	91
122	126
122	97
123	288
123	286
123	125
123	14
123	4
123	19
123	104
123	111
123	103
123	12
123	21
123	11
123	13
123	91
123	126
123	97
124	288
124	286
124	125
124	14
124	4
124	19
124	104
124	111
124	103
124	12
124	21
124	11
124	13
124	91
124	126
124	97
125	43
125	47
125	13
125	268
125	12
125	14
125	4
125	22
125	20
125	33
126	166
126	289
126	152
126	104
126	4
126	14
126	55
126	10
126	5
126	290
126	58
127	80
127	213
127	36
127	104
127	14
127	290
127	55
127	91
127	12
127	112
127	4
127	58
128	291
128	292
128	12
128	10
128	116
128	60
128	55
128	104
128	83
129	293
129	19
129	43
129	17
129	42
129	44
129	26
129	294
129	14
129	4
129	21
129	20
129	295
129	12
129	10
129	296
129	60
130	297
130	293
130	19
130	43
130	17
130	42
130	44
130	26
130	294
130	14
130	4
130	21
130	20
130	295
130	12
130	10
130	296
130	60
131	43
131	42
131	12
131	13
131	21
131	298
132	18
132	101
132	14
132	4
132	12
132	91
132	121
132	33
133	18
133	101
133	14
133	33
133	10
133	91
133	116
133	12
134	43
134	125
134	102
134	34
134	10
134	299
134	13
134	91
134	56
134	12
134	33
134	101
134	1530
135	300
135	102
135	14
135	4
135	12
135	10
135	21
135	55
135	104
135	22
135	58
136	141
136	73
136	12
136	11
136	13
136	21
137	301
137	281
137	91
137	302
137	19
137	303
137	304
137	205
137	305
137	306
138	146
138	101
138	9
138	55
138	4
138	14
138	11
138	12
138	10
138	13
138	91
138	21
138	33
138	7
139	307
139	308
139	60
139	4
139	14
139	12
139	309
139	268
139	10
140	222
140	311
140	10
140	312
140	55
140	13
140	313
140	268
140	142
140	310
140	12
141	314
141	315
141	181
141	12
141	10
141	116
141	13
141	14
141	102
141	4
141	4
141	142
141	55
141	91
142	59
142	266
142	178
142	316
142	17
142	12
142	11
142	13
142	21
142	20
142	22
142	4
142	14
143	42
143	18
143	14
143	116
143	10
143	33
143	12
143	13
144	317
144	12
144	13
144	10
144	116
144	33
144	91
144	14
145	43
145	12
145	11
145	21
145	13
145	133
145	116
145	10
145	22
145	14
146	51
146	33
146	14
146	116
146	10
146	4
146	12
146	13
147	7
147	12
147	37
147	4
147	102
147	55
147	101
147	11
147	125
147	14
147	21
147	104
148	145
148	12
148	14
148	11
148	45
149	145
149	103
149	14
149	95
149	10
149	91
149	11
149	13
149	22
150	72
150	14
150	19
150	20
150	11
150	22
150	12
150	13
150	4
150	33
151	260
151	14
151	235
151	199
151	34
151	12
151	10
151	13
151	11
151	22
152	145
152	14
152	55
152	104
152	91
152	125
152	267
153	318
153	319
153	91
153	320
153	106
153	105
153	33
154	43
154	146
154	315
154	22
154	101
154	55
154	14
154	4
154	113
154	12
154	10
154	116
154	91
154	102
154	33
154	20
155	16
155	19
155	267
155	12
155	10
155	116
155	4
155	14
155	55
155	11
155	22
156	16
156	315
156	12
156	10
156	116
156	4
156	14
156	102
156	55
156	101
156	11
156	22
156	45
156	128
157	321
157	25
157	125
157	125
157	12
157	13
157	113
157	4
157	14
157	322
157	34
157	128
158	323
158	34
158	12
158	10
158	4
158	14
158	102
158	101
158	11
158	112
158	91
159	146
159	14
159	55
159	11
159	324
159	22
159	4
159	267
159	91
160	43
160	101
160	4
160	106
160	10
160	105
160	91
160	325
161	16
161	326
161	101
161	327
161	12
161	91
161	33
161	10
161	105
162	46
162	2
162	104
162	11
162	10
162	13
162	14
162	4
162	22
162	20
163	328
163	153
163	22
163	4
163	14
163	102
163	55
163	10
163	33
163	13
163	12
163	91
163	142
163	7
163	499
163	104
164	46
164	123
164	124
164	103
164	104
164	20
164	11
164	12
164	251
164	13
164	238
164	126
165	49
165	12
165	14
165	4
165	104
165	22
165	10
165	116
165	7
166	222
166	181
166	101
166	14
166	10
166	13
166	12
166	11
166	33
166	45
166	116
166	55
166	318
166	329
166	499
166	104
167	323
167	44
167	25
167	7
167	10
167	104
167	11
167	13
167	21
167	22
167	4
167	14
168	330
168	9
168	7
168	10
168	11
168	116
168	13
168	12
168	21
168	22
168	4
168	14
169	292
169	331
169	332
169	22
169	19
169	44
169	333
169	25
169	54
169	12
169	13
169	4
169	91
169	14
169	116
169	102
169	9
169	290
169	104
169	58
169	21
170	117
170	2
170	104
170	12
170	10
170	91
170	11
170	22
170	13
170	21
170	14
170	4
170	20
171	334
171	2
171	125
171	125
171	12
171	14
171	102
171	11
171	22
171	104
171	91
171	45
172	300
172	335
172	7
172	10
172	21
172	9
172	11
172	55
172	22
172	13
172	4
172	14
173	145
173	46
173	219
173	25
173	44
173	17
173	59
173	11
173	14
173	4
173	13
173	21
173	20
173	22
174	16
174	44
174	335
174	239
174	10
174	91
174	116
174	13
174	12
174	11
174	165
174	14
174	102
174	4
174	126
174	245
175	146
175	44
175	165
175	335
175	12
175	11
175	4
175	10
175	116
175	91
175	13
175	126
175	20
175	14
175	102
176	222
176	336
176	36
176	33
176	10
176	11
176	12
176	4
176	14
176	55
176	112
176	277
176	499
176	104
177	62
177	12
177	13
177	10
177	91
177	142
178	72
178	34
178	12
178	13
178	22
178	101
179	101
179	14
179	12
179	13
179	34
179	33
179	21
179	11
180	171
180	337
180	102
180	338
180	339
180	281
180	91
180	37
180	320
181	340
181	341
181	91
181	75
181	303
182	342
182	101
182	102
182	4
182	12
182	13
182	37
182	91
182	116
182	142
182	1525
182	4
183	289
183	30
183	25
183	31
183	35
183	12
183	13
183	21
183	4
184	343
184	12
184	83
184	13
184	116
184	10
184	4
184	14
184	102
185	253
185	7
185	104
185	10
185	5
185	13
185	103
186	166
186	292
186	12
186	10
186	55
186	11
186	104
186	344
186	91
186	45
187	2
187	125
187	125
187	345
187	14
187	102
187	55
187	11
187	22
187	91
187	21
187	104
187	45
188	346
188	79
188	9
188	14
188	11
188	104
188	4
188	14
188	102
188	12
188	91
188	37
188	21
188	129
188	55
188	347
188	102
188	4
188	14
189	348
189	256
189	102
189	12
189	349
189	11
190	147
190	350
190	94
190	292
190	351
190	12
190	37
190	21
190	55
190	14
191	284
191	4
191	14
191	102
191	104
191	91
191	12
191	352
192	124
192	331
192	45
192	12
192	21
192	112
192	91
192	172
192	142
192	353
192	116
192	36
193	146
193	101
193	83
193	175
193	34
193	12
193	55
193	101
193	11
193	102
193	91
193	354
194	167
194	355
194	26
194	144
194	356
194	357
194	12
194	5
194	55
194	14
194	37
194	33
195	358
195	125
195	14
195	4
195	102
195	359
195	111
195	12
195	13
195	37
195	11
195	91
195	121
195	21
195	33
196	358
196	125
196	14
196	4
196	102
196	359
196	111
196	12
196	13
196	37
196	11
196	91
196	121
196	21
196	33
197	358
197	125
197	281
197	14
197	4
197	102
197	359
197	360
197	12
197	13
197	37
197	11
197	91
197	121
197	21
197	33
198	18
198	101
198	12
198	13
198	34
198	55
199	216
199	10
199	4
199	14
199	102
199	11
199	22
199	237
199	104
199	91
199	45
199	320
200	84
200	361
200	18
200	362
200	363
200	364
200	4
200	14
200	102
200	12
200	91
200	237
200	365
201	366
201	367
201	368
201	369
201	83
201	101
201	14
201	102
201	55
201	11
201	125
201	104
201	21
201	91
201	45
202	100
202	12
202	14
202	102
202	55
202	11
202	125
202	21
202	4
202	45
203	370
203	300
203	371
203	17
203	124
203	36
203	314
203	12
203	60
203	37
203	14
203	102
203	55
203	129
203	101
203	4
203	347
203	45
203	128
203	290
204	12
204	116
204	37
204	14
204	33
204	4
204	36
204	290
204	91
204	142
204	102
205	372
205	103
205	373
205	374
205	10
205	11
205	91
205	104
205	4
205	13
206	375
206	102
206	14
206	4
206	12
206	91
206	13
206	10
206	116
206	299
206	45
206	499
206	104
207	123
207	25
207	44
207	19
207	283
207	91
207	55
207	12
207	4
207	14
207	13
207	44
207	356
207	144
207	376
207	9
207	102
207	126
208	377
208	4
208	102
208	104
208	142
208	91
209	18
209	101
209	281
209	55
209	91
209	116
209	33
209	12
210	77
210	31
210	30
210	25
210	12
210	13
210	37
211	29
211	30
211	25
211	31
211	14
211	4
211	11
211	13
211	21
211	12
212	218
212	241
212	378
212	91
212	34
213	166
213	104
213	12
213	13
213	91
213	22
213	131
213	347
213	4
214	173
214	189
214	9
214	116
214	55
214	14
214	58
215	43
215	51
215	25
215	12
215	13
215	14
215	4
215	21
215	11
216	43
216	272
216	14
216	4
216	55
216	11
216	12
216	21
217	379
217	380
217	12
217	13
217	21
217	11
218	218
218	30
218	31
218	17
218	15
218	381
218	46
218	59
218	146
218	44
218	12
218	13
218	14
218	58
219	328
219	382
219	147
219	315
219	19
219	14
219	12
219	13
219	22
219	58
219	91
219	116
219	383
220	253
220	2
220	384
220	385
220	276
220	12
220	55
220	112
220	91
221	51
221	14
221	13
221	21
222	386
222	387
222	11
222	14
222	4
222	21
222	13
222	12
223	40
223	213
223	14
223	4
223	55
223	12
223	10
223	91
223	112
223	13
223	142
223	209
224	29
224	101
224	55
224	12
224	14
224	4
224	13
224	21
225	388
225	16
225	19
225	12
225	13
225	21
225	11
225	14
225	22
226	389
226	79
226	21
226	13
226	12
226	14
226	4
226	268
227	72
227	390
227	116
227	13
227	14
227	102
227	247
227	33
227	142
227	104
228	166
228	189
228	17
228	2
228	391
228	101
228	12
228	13
228	33
229	72
229	14
229	4
229	101
229	12
229	91
229	21
229	11
229	13
229	33
229	34
230	145
230	154
230	298
230	4
230	13
230	12
230	21
231	84
231	14
231	4
231	102
231	392
231	104
231	19
231	393
231	13
231	91
231	121
231	10
231	105
231	238
231	133
231	394
232	395
232	34
232	396
232	189
232	4
232	14
232	55
232	103
233	79
233	104
233	10
233	91
233	280
233	397
233	116
234	398
234	19
234	22
234	4
234	14
234	102
234	13
234	11
234	237
234	12
234	91
234	116
234	10
234	33
234	142
234	45
234	499
234	104
235	117
235	2
235	44
235	25
235	12
235	10
235	4
235	14
235	11
235	318
235	22
235	36
235	111
235	21
236	300
236	125
236	181
236	399
236	34
236	14
236	55
236	104
236	4
236	111
236	499
236	104
237	196
237	20
237	104
237	19
237	14
237	4
237	102
237	12
237	13
237	21
237	11
237	268
237	91
238	72
238	44
238	181
238	103
238	101
238	14
238	13
238	55
238	34
238	104
239	44
239	400
239	189
239	14
239	4
239	296
239	10
239	12
239	11
239	13
239	401
239	20
240	355
240	12
240	13
240	4
240	14
240	102
240	101
240	11
240	33
240	91
240	45
241	355
241	258
241	34
241	12
241	10
241	4
241	14
241	102
241	101
241	11
241	33
241	21
241	91
242	292
242	12
242	10
242	14
242	102
242	55
242	101
242	4
242	402
242	45
243	80
243	181
243	397
243	14
243	102
243	55
243	101
243	11
243	104
243	36
243	91
243	45
244	80
244	181
244	14
244	104
244	281
245	222
245	103
245	116
245	37
245	14
245	55
245	101
245	11
245	33
245	104
245	45
245	91
245	112
246	284
246	2
246	189
246	125
246	256
246	44
246	181
246	25
246	403
246	4
246	36
246	101
246	12
246	11
246	13
246	33
246	287
246	97
247	284
247	2
247	189
247	125
247	256
247	44
247	181
247	25
247	403
247	4
247	36
247	101
247	12
247	11
247	13
247	33
247	287
247	97
248	371
248	4
248	14
248	102
248	55
248	101
248	33
248	45
248	91
248	21
249	404
249	355
249	34
249	12
249	4
249	55
249	101
249	11
249	354
250	79
250	54
250	181
250	103
250	189
250	12
250	10
250	33
250	104
250	13
250	7
251	125
251	171
251	4
251	14
251	10
251	12
251	13
251	7
252	44
252	10
252	405
252	14
252	91
252	148
252	182
252	4
252	12
252	33
253	300
253	181
253	14
253	36
253	102
253	101
253	45
253	33
253	10
253	116
253	91
253	13
253	499
253	104
254	406
254	335
254	104
254	135
254	11
254	14
254	102
254	12
254	10
254	116
254	238
254	55
255	146
255	101
255	407
255	175
255	34
255	12
255	4
255	11
255	91
255	354
256	222
256	408
256	45
256	112
256	91
256	11
256	103
256	14
256	12
256	10
256	116
256	13
256	499
256	104
257	409
257	396
257	165
257	4
257	14
257	25
257	44
257	182
257	12
257	10
257	21
257	11
257	13
257	4
257	14
258	155
258	272
258	101
258	116
258	14
258	4
258	11
259	166
259	272
259	12
259	13
259	21
259	14
260	219
260	54
260	151
260	20
260	28
260	12
260	13
260	21
260	22
260	4
260	14
261	219
261	410
261	19
261	12
261	13
261	113
261	22
262	219
262	2
262	19
262	47
262	12
262	13
262	21
262	11
262	34
262	22
262	14
262	4
263	72
263	44
263	273
263	411
263	12
263	37
263	91
263	11
263	101
263	55
263	112
263	55
263	402
263	14
263	4
263	102
264	166
264	273
264	412
264	256
264	125
264	125
264	181
264	111
264	12
264	37
264	14
264	102
264	55
264	129
264	101
264	11
264	22
264	246
264	402
265	222
265	91
265	268
265	172
265	14
266	413
266	12
266	13
266	128
266	113
266	21
267	414
267	12
267	13
267	21
268	43
268	70
268	415
268	14
268	4
268	11
268	12
268	21
269	43
269	416
269	70
269	11
269	13
269	21
269	12
269	4
269	14
269	245
270	417
270	116
270	14
270	10
270	102
270	142
270	418
270	247
270	55
270	4
270	33
270	13
270	91
271	16
271	4
271	247
271	91
271	116
271	10
271	14
271	102
271	419
271	55
272	250
272	10
272	91
272	116
272	12
272	55
272	142
272	247
272	33
272	13
272	14
272	102
272	104
272	4
272	163
273	16
273	86
273	4
273	14
273	102
273	247
273	10
273	116
273	91
273	142
273	55
273	13
274	420
274	4
274	10
274	91
274	116
274	13
274	102
274	14
274	142
274	247
274	33
275	40
275	101
275	14
275	4
275	102
275	10
275	116
275	13
276	43
276	12
276	14
276	11
276	91
277	16
277	174
277	125
277	106
277	10
277	105
277	4
277	14
277	102
277	104
277	91
277	325
277	13
277	238
278	16
278	174
278	125
278	10
278	4
278	14
278	104
278	91
278	325
278	106
279	19
279	144
279	255
279	12
279	20
279	13
279	421
280	72
280	422
280	2
280	101
280	104
280	14
280	102
280	55
280	13
280	12
280	33
280	34
281	423
281	19
281	10
281	116
281	3
281	4
281	55
281	33
281	142
281	247
281	20
281	245
282	424
282	142
282	10
282	4
282	247
282	13
282	425
282	239
282	33
283	194
283	4
283	12
283	10
283	116
283	91
283	13
283	142
283	112
283	33
284	72
284	315
284	91
284	12
284	116
284	142
284	104
284	111
284	247
284	102
284	13
284	55
284	21
284	33
284	14
284	4
285	314
285	14
285	11
285	13
285	142
285	55
285	4
286	278
286	151
286	54
286	4
286	12
286	10
286	116
286	13
286	142
287	185
287	12
287	10
287	116
287	142
287	91
287	33
287	13
288	43
288	19
288	12
288	280
288	287
288	163
288	20
289	43
289	14
289	4
289	21
289	12
289	113
289	28
290	134
290	55
290	101
290	14
290	4
290	102
290	11
290	12
290	91
290	10
290	21
291	134
291	426
291	187
291	418
291	427
291	4
291	12
291	10
291	91
291	11
291	21
291	116
291	13
291	142
292	272
292	428
292	12
292	37
292	10
292	116
292	33
292	268
292	208
292	247
292	142
292	91
292	4
292	102
293	2
293	19
293	174
293	151
293	12
293	21
293	14
293	22
294	134
294	218
294	2
294	102
294	12
294	13
294	34
294	116
294	91
294	33
294	104
295	38
295	31
295	30
295	25
295	12
295	13
295	21
295	22
296	77
296	30
296	25
296	31
296	14
296	4
296	11
296	12
296	13
296	21
297	429
297	17
297	43
297	25
297	153
297	19
297	151
297	12
297	13
297	21
297	22
298	2
298	25
298	44
298	151
298	16
298	292
298	134
298	430
298	12
298	13
298	21
298	14
298	4
298	20
298	22
299	431
299	388
299	44
299	17
299	19
299	11
299	13
299	12
299	4
299	22
300	134
300	79
300	19
300	22
300	9
300	11
300	13
300	12
300	21
301	197
301	155
301	3
301	12
301	21
301	14
301	11
301	116
302	432
302	153
302	32
302	14
302	4
302	12
302	11
302	13
302	20
302	22
303	84
303	4
303	102
303	14
303	12
303	91
303	22
303	33
303	7
303	433
304	25
304	151
304	271
304	12
304	21
304	13
304	55
304	22
304	33
304	7
305	43
305	4
305	14
305	11
305	21
306	2
306	114
306	266
306	160
306	434
306	435
306	12
306	13
306	11
306	20
307	330
307	101
307	436
307	181
308	173
308	53
308	19
308	7
308	33
308	14
308	4
308	12
308	22
308	13
308	10
308	11
308	60
309	42
309	410
309	18
309	12
309	13
309	22
309	34
309	1525
309	4
310	437
310	438
310	19
310	12
310	11
310	13
310	21
310	22
310	33
310	58
310	91
310	116
311	16
311	115
311	19
311	7
311	12
311	11
311	13
311	4
311	14
311	22
312	186
312	439
312	25
312	157
312	44
312	237
312	91
312	116
312	12
312	21
312	113
312	14
312	4
312	22
312	7
313	196
313	440
313	4
313	14
313	12
313	13
313	11
313	60
313	33
313	7
314	145
314	441
314	2
314	187
314	254
314	148
314	17
314	22
314	14
314	4
314	12
314	113
314	21
314	13
314	20
315	192
315	23
315	19
315	241
315	7
315	91
315	121
315	12
315	21
315	10
315	22
315	4
315	14
315	36
315	11
316	358
316	442
316	18
316	25
316	12
316	13
316	21
316	34
316	22
317	43
317	204
317	13
317	12
317	4
317	11
318	16
318	25
318	44
318	54
318	18
318	19
318	13
318	12
318	4
318	14
318	102
318	113
318	55
318	20
318	22
319	266
319	440
319	373
319	28
319	12
319	13
319	11
319	163
319	22
320	43
320	440
320	443
320	303
320	205
320	14
320	4
320	102
320	11
320	13
320	12
320	247
320	91
320	20
320	238
320	126
320	444
321	146
321	25
321	17
321	44
321	148
321	22
321	14
321	4
321	13
321	113
321	10
321	12
321	28
321	20
322	141
322	445
322	12
322	13
322	21
323	446
323	447
323	448
323	4
323	14
323	12
323	21
323	55
323	56
323	13
323	128
323	22
323	34
324	2
324	19
324	12
324	13
324	22
324	7
325	152
325	449
325	91
325	20
326	16
326	19
326	167
326	150
326	4
326	23
326	303
326	7
326	12
326	11
326	21
326	13
326	290
327	16
327	303
327	450
327	19
327	135
327	11
327	12
327	13
327	33
327	91
327	116
327	451
328	16
328	452
328	247
328	142
328	91
328	453
328	13
328	55
328	4
328	401
329	16
329	12
329	4
329	14
329	33
329	91
329	128
329	418
329	247
329	142
329	55
330	43
330	4
330	10
330	116
330	247
330	55
330	13
330	142
330	33
330	91
331	16
331	37
331	4
331	33
331	91
331	55
331	247
331	142
332	43
332	147
332	454
332	455
332	456
332	457
332	458
332	17
332	459
332	11
332	12
332	10
332	19
332	126
332	135
332	33
332	383
333	43
333	147
333	454
333	455
333	456
333	457
333	458
333	17
333	459
333	11
333	12
333	10
333	19
333	126
333	135
333	33
333	383
334	146
334	21
334	13
334	12
334	11
334	14
334	4
334	383
335	49
335	182
335	19
335	22
335	7
335	10
335	4
335	14
335	11
335	55
335	12
336	300
336	22
336	14
336	4
336	12
336	13
336	33
336	91
336	116
336	11
336	383
336	34
337	460
337	19
337	22
337	21
337	13
337	12
337	11
337	33
337	383
338	461
338	462
338	10
338	383
338	4
338	14
338	113
339	461
339	462
339	10
339	383
339	4
339	14
339	113
340	463
340	256
340	464
340	14
340	12
340	37
340	22
340	12
340	101
341	2
341	19
341	14
341	13
341	12
341	11
341	91
341	116
341	33
341	58
341	22
342	192
342	19
342	22
342	13
342	12
342	33
342	34
342	11
342	4
342	14
342	55
343	220
343	221
343	465
343	466
343	271
343	160
343	144
343	33
343	4
343	55
343	12
343	13
343	116
344	467
344	55
344	33
344	4
344	13
344	12
344	22
344	34
345	468
345	4
345	14
345	55
345	10
345	12
345	13
345	142
345	33
346	250
346	33
346	10
346	12
346	91
346	13
346	55
346	4
347	469
347	213
347	470
347	91
347	471
348	167
348	169
348	168
348	19
348	177
348	178
348	91
348	179
348	472
349	167
349	169
349	168
349	19
349	177
349	178
349	91
349	179
349	472
350	473
350	474
350	12
350	13
350	10
350	33
351	300
351	474
351	14
351	21
351	13
351	22
351	113
351	12
351	10
351	33
351	20
352	166
352	182
352	422
352	12
352	13
352	21
353	43
353	238
353	4
353	475
353	476
353	91
353	12
353	55
353	5
354	477
354	478
354	296
354	479
354	480
354	12
354	33
354	11
354	55
354	21
354	444
355	477
355	481
355	478
355	296
355	479
355	480
355	12
355	33
355	11
355	55
355	21
355	444
356	482
356	103
356	4
356	483
356	484
356	485
356	296
356	101
356	14
356	486
356	487
356	488
357	489
357	109
357	124
357	101
357	55
357	12
357	11
357	4
357	163
357	490
357	491
358	109
358	300
358	124
358	491
358	314
358	490
358	492
358	12
358	55
358	101
358	11
358	4
358	45
358	128
359	214
359	213
359	54
359	91
359	493
359	494
360	91
360	418
360	495
360	496
360	497
361	498
361	181
361	447
361	91
361	121
361	499
362	500
362	10
362	103
362	13
362	400
362	91
362	55
362	322
362	101
362	19
362	12
363	16
363	103
363	266
363	501
363	101
363	55
363	104
363	10
363	12
363	13
363	11
363	14
363	126
363	7
363	502
364	134
364	18
364	124
364	266
364	12
364	14
364	55
364	101
364	22
364	102
364	268
364	267
364	45
365	80
365	181
365	103
365	151
365	19
365	4
365	14
365	22
365	101
365	55
365	215
365	12
365	11
365	45
365	499
365	104
366	222
366	19
366	12
366	4
366	102
366	22
366	320
366	503
367	222
367	44
367	103
367	101
367	10
367	104
367	227
367	12
367	55
367	135
367	11
367	126
368	358
368	4
368	102
368	14
368	101
368	11
368	12
368	10
368	37
369	504
369	266
369	505
369	12
369	10
369	37
369	4
369	14
369	102
369	55
369	101
369	11
369	22
369	104
369	91
369	128
370	57
370	124
370	19
370	101
370	14
370	104
370	55
370	102
370	21
370	11
370	13
370	91
370	12
370	4
370	116
370	10
370	299
370	45
371	119
371	100
371	506
371	4
371	14
371	102
371	12
371	91
371	10
372	507
372	81
372	181
372	103
372	112
372	55
372	12
372	13
372	34
372	91
372	116
372	33
372	104
372	14
372	11
372	22
373	134
373	124
373	19
373	12
373	10
373	37
373	14
373	102
373	55
373	129
373	101
373	11
373	22
373	104
373	21
373	91
373	245
373	131
373	45
374	197
374	508
374	181
374	14
374	4
374	102
374	104
374	55
374	95
374	21
374	11
374	10
374	116
374	91
374	12
374	13
374	509
374	128
374	19
375	510
375	111
375	12
375	13
375	91
375	142
375	4
375	14
376	166
376	111
376	14
376	11
376	22
376	10
376	91
376	21
376	4
376	58
377	511
377	111
377	102
377	14
377	12
377	11
377	10
377	91
377	13
377	21
377	22
377	58
378	16
378	94
378	13
378	11
378	12
378	19
378	167
378	28
378	128
379	2
379	53
379	19
379	33
379	12
379	21
379	13
379	11
379	4
379	14
380	43
380	437
380	22
380	19
380	430
380	20
380	13
380	21
380	33
380	12
380	113
380	299
381	2
381	19
381	18
381	410
381	91
381	116
381	11
381	10
381	12
381	13
381	4
381	14
381	102
381	22
381	7
382	512
382	25
382	44
382	17
382	104
382	14
382	4
382	11
382	12
382	13
382	91
382	116
382	102
382	34
382	36
382	21
383	513
383	19
383	14
383	256
383	102
383	514
383	12
383	116
383	55
383	22
384	515
384	101
384	55
384	12
384	10
384	33
384	13
385	468
385	516
385	4
385	102
385	12
385	13
385	318
385	11
385	22
385	133
385	34
386	517
386	45
386	14
386	4
386	10
386	12
386	11
386	91
386	116
386	13
386	21
387	216
387	101
387	102
387	14
387	4
387	281
387	11
387	91
387	12
388	18
388	95
388	12
388	268
388	10
389	12
389	102
389	101
389	268
389	14
390	14
390	12
391	14
391	12
391	101
391	226
391	268
391	518
392	165
392	519
392	12
392	4
392	11
392	10
393	72
393	12
393	4
393	102
393	55
393	125
393	91
394	342
394	359
394	14
394	324
395	342
395	359
395	54
395	369
395	12
395	4
395	14
395	129
395	11
396	520
396	9
396	521
396	14
396	12
396	13
396	37
396	91
396	34
396	11
396	4
396	22
397	511
397	522
397	523
397	125
397	91
397	102
397	104
397	85
397	33
398	80
398	335
398	524
398	350
398	9
398	215
398	22
398	525
398	12
398	37
398	21
398	116
398	45
399	145
399	131
399	347
399	129
399	12
399	13
399	4
399	91
399	9
400	526
400	527
400	528
400	529
400	9
400	14
400	34
400	104
400	112
400	12
400	13
400	91
401	468
401	34
401	12
401	13
401	14
401	102
401	55
401	11
401	116
401	33
401	22
401	125
401	4
401	91
402	77
402	12
402	9
402	33
402	91
403	165
403	156
403	95
403	12
403	91
403	11
403	4
403	14
404	300
404	9
404	14
404	102
404	4
404	10
404	116
404	12
404	13
404	11
404	91
404	45
405	530
405	366
405	531
405	532
405	9
405	144
405	14
405	20
406	16
406	165
406	4
406	14
406	102
406	12
406	91
406	11
406	397
406	22
406	21
407	2
407	45
407	101
407	12
407	11
407	91
407	13
407	55
408	533
408	534
408	79
408	12
408	37
408	10
408	91
408	11
408	101
409	2
409	274
409	101
409	12
409	91
409	268
409	13
409	33
409	45
410	431
410	535
410	165
410	14
410	102
410	4
410	444
410	227
410	11
410	10
410	33
410	22
411	431
411	535
411	165
411	14
411	102
411	4
411	444
411	227
411	11
411	10
411	33
411	22
412	431
412	535
412	281
412	95
412	4
412	14
412	102
412	296
412	10
412	251
412	14
412	102
413	536
413	55
413	537
413	103
413	125
413	36
413	14
413	12
413	91
413	538
413	539
413	11
413	13
414	79
414	268
414	101
414	91
414	12
414	55
415	19
415	399
415	20
415	12
415	21
415	11
416	166
416	272
416	181
416	36
416	101
416	4
416	12
416	13
416	91
416	34
417	431
417	272
417	388
417	36
417	34
417	12
417	13
417	4
418	101
418	12
418	268
419	43
419	540
419	104
419	14
419	4
419	21
419	11
419	13
419	91
419	97
420	43
420	540
420	104
420	14
420	4
420	21
420	11
420	13
420	91
420	97
421	270
421	95
421	12
421	55
421	116
422	19
422	22
422	12
422	13
422	7
423	39
423	541
423	12
423	13
423	21
423	14
423	4
424	256
424	137
424	316
424	102
424	12
424	21
424	542
425	543
425	14
425	4
425	12
425	113
425	544
425	33
426	151
426	10
426	91
426	102
426	142
426	33
426	55
426	4
426	13
427	545
427	143
427	34
427	104
427	95
427	14
427	102
427	4
427	13
427	55
427	36
427	11
427	546
427	12
428	545
428	143
428	34
428	104
428	95
428	14
428	102
428	4
428	55
428	36
428	546
428	13
428	11
428	12
429	545
429	143
429	34
429	104
429	95
429	14
429	102
429	4
429	13
429	55
429	36
429	11
429	546
429	12
430	545
430	143
430	34
430	104
430	95
430	14
430	102
430	4
430	13
430	55
430	36
430	11
430	546
430	12
431	154
431	547
431	54
431	160
431	25
431	91
431	268
431	10
431	22
431	116
431	102
432	49
432	154
432	12
432	13
432	21
433	548
433	549
433	9
433	101
433	104
433	14
433	34
433	102
433	4
433	13
433	12
433	91
434	72
434	44
434	40
434	53
434	55
434	11
434	112
434	275
434	10
434	4
434	14
434	13
434	21
434	12
435	550
435	43
435	204
435	206
435	12
435	11
435	21
435	13
435	4
435	14
436	414
436	13
436	12
436	21
437	2
437	19
437	356
437	144
437	551
437	10
437	523
437	14
437	4
437	33
437	21
438	380
438	43
438	17
438	12
438	13
438	21
438	11
439	380
439	245
439	11
439	12
439	13
439	21
440	186
440	552
440	25
440	44
440	19
440	20
440	12
440	13
440	21
440	150
440	4
440	14
441	437
441	19
441	12
441	13
441	22
441	11
442	156
442	44
442	12
442	21
442	11
442	13
442	553
443	16
443	25
443	44
443	17
443	48
443	113
443	12
443	22
443	427
443	13
444	284
444	12
444	13
444	14
444	116
445	62
445	79
445	12
445	13
445	14
445	55
445	11
446	554
446	12
446	13
446	21
447	145
447	91
447	55
447	33
448	555
448	17
448	25
448	12
448	11
448	14
448	4
448	245
448	13
448	21
449	197
449	14
449	4
449	11
449	21
449	10
449	91
449	116
449	22
449	58
450	428
450	111
450	104
450	10
450	13
450	4
450	55
450	33
450	45
450	142
451	155
451	2
451	17
451	44
451	556
451	12
451	4
451	21
451	13
451	116
452	431
452	17
452	44
452	25
452	12
452	11
452	4
452	14
452	13
452	91
452	116
452	45
453	307
453	11
453	13
453	12
453	14
453	4
453	21
454	379
454	204
454	205
454	12
454	13
454	4
454	14
455	80
455	144
455	254
455	9
455	22
455	10
455	12
455	91
455	116
455	13
455	14
455	4
455	102
455	45
456	557
456	19
456	36
456	116
456	12
456	91
456	397
456	268
456	22
456	10
457	547
457	103
457	44
457	19
457	4
457	22
457	113
457	13
457	33
457	7
458	262
458	558
458	26
458	157
458	54
458	102
458	14
458	12
458	91
458	19
458	238
458	318
459	284
459	181
459	95
459	559
459	102
459	523
459	238
459	560
459	12
460	155
460	530
460	254
460	561
460	14
460	102
460	13
460	21
460	12
460	113
460	22
460	7
461	155
461	118
461	562
461	12
461	11
461	126
461	14
461	102
461	4
461	165
461	21
461	13
462	468
462	125
462	125
462	12
462	13
462	14
462	101
462	11
462	324
462	22
462	4
462	102
462	91
462	45
463	468
463	144
463	44
463	165
463	400
463	12
463	11
463	126
463	14
463	102
463	4
463	10
463	21
463	116
463	91
463	13
463	562
463	14
463	102
464	468
464	144
464	44
464	165
464	400
464	12
464	11
464	126
464	14
464	102
464	4
464	10
464	21
464	116
464	91
464	13
464	20
464	14
464	102
465	300
465	151
465	4
465	14
465	102
465	12
465	11
465	20
465	9
465	10
465	21
466	43
466	12
466	37
466	4
466	14
466	102
466	55
466	101
466	104
466	91
467	563
467	12
467	91
467	55
467	112
468	222
468	14
468	55
468	112
469	222
469	290
469	33
469	45
469	14
469	91
469	12
469	55
469	13
470	564
470	281
470	12
470	91
470	565
470	133
471	43
471	187
471	112
471	14
471	4
471	12
471	11
471	21
471	22
471	20
472	222
472	181
472	19
472	7
472	10
472	11
472	12
472	21
472	13
472	22
472	14
473	43
473	4
473	20
473	401
473	13
473	12
473	22
474	385
474	566
474	14
474	4
474	55
474	11
474	567
474	33
474	13
474	12
474	60
475	568
475	569
475	570
475	373
475	14
475	4
475	102
475	22
475	11
475	10
475	12
475	13
475	116
476	571
476	4
476	14
476	102
476	572
476	11
476	91
476	10
476	318
476	128
477	173
477	19
477	22
477	12
477	55
477	10
477	4
477	14
477	21
478	43
478	204
478	14
478	13
478	21
478	12
479	573
479	101
479	12
479	10
479	116
479	91
479	13
479	58
480	269
480	505
480	12
480	116
480	37
480	14
480	102
480	55
480	101
480	91
481	508
481	101
481	55
481	12
481	13
482	144
482	101
482	12
482	13
482	55
482	37
482	33
482	34
483	18
483	12
483	444
483	101
483	55
483	4
483	13
483	401
484	300
484	18
484	9
484	4
484	14
484	12
484	102
484	13
484	91
484	34
485	134
485	36
485	22
485	13
485	113
485	12
485	10
485	4
485	101
485	33
485	20
485	7
486	2
486	47
486	331
486	19
486	22
486	7
486	10
486	12
486	13
486	14
486	4
487	468
487	303
487	6
487	19
487	11
487	14
487	4
487	91
487	12
487	33
487	5
487	55
487	22
487	20
488	574
488	19
488	241
488	12
488	13
488	58
488	383
489	2
489	187
489	44
489	19
489	174
489	144
489	17
489	400
489	4
489	14
489	21
489	113
489	45
490	173
490	17
490	160
490	174
490	144
490	400
490	187
490	4
490	14
490	102
490	22
490	12
490	11
490	33
490	21
490	7
491	575
491	19
491	167
491	576
491	45
491	4
491	14
491	12
491	21
491	11
491	13
492	328
492	2
492	174
492	12
492	11
492	21
492	13
492	14
492	4
492	237
492	383
492	22
493	300
493	7
493	14
493	10
493	11
493	91
493	13
493	21
493	4
493	12
494	468
494	315
494	4
494	14
494	12
494	11
494	21
494	13
494	135
494	33
494	91
494	121
494	383
494	19
494	126
495	468
495	315
495	4
495	14
495	12
495	11
495	21
495	13
495	135
495	33
495	91
495	121
495	383
495	19
495	126
496	134
496	378
496	19
496	241
496	7
496	12
496	13
496	11
496	21
497	167
497	19
497	169
497	281
497	91
497	20
497	303
497	315
497	577
497	418
498	167
498	19
498	169
498	281
498	91
498	20
498	303
498	315
498	577
498	418
499	167
499	19
499	169
499	281
499	91
499	20
499	303
499	315
499	577
499	418
500	578
500	12
500	11
500	14
500	4
500	296
500	579
500	33
500	55
500	444
501	78
501	580
501	476
501	581
501	14
501	4
501	12
501	55
501	10
501	11
501	33
502	222
502	160
502	12
502	37
502	11
502	13
502	14
502	101
502	104
502	55
502	21
502	33
502	45
503	530
503	366
503	368
503	531
503	160
503	9
503	151
503	14
503	102
503	13
503	12
503	91
503	36
503	181
503	34
503	22
504	160
504	103
504	350
504	13
504	12
504	91
504	34
505	582
505	20
505	11
505	4
505	14
505	12
505	13
505	33
505	142
506	43
506	241
506	2
506	189
506	12
506	13
506	10
506	55
506	11
506	14
506	4
506	91
506	116
506	33
507	79
507	54
507	151
507	12
507	13
507	14
507	4
507	22
507	28
507	20
508	115
508	33
508	12
508	13
508	116
509	253
509	101
509	36
509	4
509	12
509	5
510	16
510	583
510	584
510	91
510	11
510	10
510	13
510	19
510	462
510	33
510	12
510	22
511	43
511	4
511	14
511	102
511	55
511	101
511	129
511	125
512	250
512	266
512	25
512	40
512	109
512	53
512	216
512	585
512	144
512	34
512	12
512	37
512	4
512	14
512	55
512	101
512	11
512	586
512	104
512	111
513	57
513	437
513	19
513	36
513	101
513	17
513	4
513	14
513	22
513	13
513	113
513	33
513	28
513	7
514	186
514	53
514	23
514	19
514	20
514	4
514	14
514	11
514	12
514	13
514	21
514	22
515	398
515	438
515	53
515	19
515	20
515	12
515	21
515	13
515	11
515	237
515	4
515	14
515	22
516	398
516	153
516	438
516	17
516	36
516	174
516	19
516	20
516	12
516	13
516	21
516	4
516	14
516	22
516	11
517	547
517	254
517	94
517	19
517	4
517	14
517	22
517	10
517	12
517	113
517	13
517	91
517	7
518	331
518	508
518	19
518	4
518	10
518	116
518	91
518	142
518	55
518	247
518	13
518	22
518	7
518	33
519	171
519	16
519	17
519	174
519	19
519	21
519	13
519	383
519	91
519	33
519	116
519	20
520	40
520	2
520	103
520	104
520	538
520	14
520	502
520	11
520	10
520	13
520	22
520	401
521	278
521	10
521	12
521	4
521	91
521	13
521	33
521	14
522	16
522	587
522	190
522	12
522	11
522	13
522	21
522	14
522	239
522	19
522	451
522	245
523	186
523	54
523	151
523	19
523	333
523	12
523	11
523	13
523	21
523	14
523	4
523	22
523	7
524	16
524	44
524	19
524	113
524	21
524	13
524	22
524	12
524	20
525	43
525	588
525	12
525	268
525	19
525	22
525	21
525	13
526	589
526	354
526	55
526	12
526	10
526	129
526	590
527	591
527	483
527	484
527	592
527	485
527	488
527	104
527	14
527	101
527	55
527	11
527	111
527	296
527	12
528	468
528	31
528	45
528	12
528	13
528	104
528	101
529	19
529	31
529	12
529	13
529	37
529	34
530	31
530	16
530	19
530	12
530	13
530	333
530	33
531	358
531	44
531	515
531	79
531	593
531	14
531	102
531	4
531	101
531	55
531	60
531	104
531	13
531	37
531	11
531	21
531	594
532	114
532	595
532	160
532	19
532	34
532	12
532	13
532	14
532	22
532	113
532	128
532	4
533	173
533	596
533	147
533	597
533	598
533	91
533	56
533	20
533	599
534	16
534	438
534	19
534	187
534	25
534	44
534	94
534	22
534	150
534	7
534	12
534	11
534	21
534	13
534	4
534	14
535	600
535	16
535	190
535	601
535	12
535	11
535	13
535	21
535	14
535	4
535	239
535	126
535	33
535	19
535	451
535	245
536	602
536	153
536	32
536	12
536	13
536	11
536	21
536	14
536	4
536	20
536	22
536	33
537	603
537	600
537	604
537	43
537	605
537	28
537	606
537	219
537	255
537	12
537	11
537	14
537	4
537	21
537	13
537	20
537	401
537	245
538	603
538	600
538	604
538	43
538	605
538	28
538	606
538	219
538	255
538	12
538	11
538	14
538	4
538	21
538	13
538	20
538	401
538	245
539	603
539	600
539	604
539	43
539	605
539	28
539	606
539	255
539	219
539	14
539	4
539	12
539	11
539	21
539	13
539	20
539	401
539	245
540	607
540	214
540	43
540	608
540	609
540	12
540	14
540	4
540	21
540	13
540	22
540	610
540	28
540	20
540	302
540	91
541	602
541	160
541	13
541	12
541	58
541	14
541	4
542	160
542	2
542	174
542	25
542	12
542	13
542	21
542	22
543	437
543	410
543	94
543	32
543	12
543	13
543	21
543	34
544	40
544	611
544	17
544	14
544	11
544	12
544	13
544	4
545	612
545	613
545	245
545	21
545	12
545	13
545	11
546	614
546	18
546	144
546	7
546	91
546	116
546	12
546	4
546	14
546	101
546	241
546	33
547	114
547	44
547	25
547	101
547	14
547	4
547	33
547	11
547	142
547	12
547	13
548	615
548	91
548	418
548	239
548	247
548	167
549	16
549	616
549	617
549	19
549	12
549	21
549	11
549	102
549	10
549	546
549	97
550	18
550	44
550	54
550	12
550	13
550	33
551	618
551	123
551	12
551	13
551	19
551	126
551	245
551	619
551	11
551	4
551	14
552	428
552	2
552	16
552	302
552	144
552	254
552	19
552	148
552	14
552	4
552	22
552	113
552	12
552	33
552	13
552	7
553	253
553	278
553	279
553	280
553	281
553	104
553	14
553	102
553	5
553	125
553	125
553	4
553	91
553	21
553	142
554	399
554	125
554	12
554	10
554	11
554	91
554	45
555	103
555	37
555	14
555	318
555	267
555	104
555	91
556	84
556	17
556	19
556	32
556	36
556	13
556	113
556	12
556	14
556	4
556	247
556	620
557	358
557	200
557	12
557	13
557	21
557	11
558	2
558	32
558	113
558	12
558	14
558	4
558	13
558	10
558	22
558	21
559	292
559	32
559	151
559	12
559	13
559	33
559	34
560	43
560	32
560	13
560	12
560	21
561	222
561	237
561	31
561	153
561	13
561	21
561	11
561	422
561	33
561	22
561	1525
561	4
562	77
562	621
562	32
562	12
562	13
562	14
562	102
562	11
563	437
563	94
563	19
563	20
563	237
563	12
563	91
563	11
563	13
563	22
564	32
564	18
564	79
564	112
564	4
564	116
564	12
564	21
564	102
564	23
565	35
565	19
565	32
565	12
565	13
565	37
565	20
566	141
566	129
566	622
566	623
566	4
566	14
566	12
566	11
566	7
567	43
567	621
567	245
567	562
567	619
567	14
567	102
567	11
567	21
567	54
567	12
567	13
567	22
568	624
568	621
568	12
568	11
568	4
568	55
568	14
568	13
569	171
569	621
569	12
569	13
569	22
570	79
570	12
570	13
570	21
571	398
571	19
571	25
571	18
571	22
571	11
571	13
571	12
571	4
571	14
571	20
572	222
572	625
572	626
572	14
572	4
572	12
572	85
572	13
573	222
573	625
573	626
573	14
573	4
573	12
573	85
573	13
574	381
574	25
574	17
574	20
574	12
574	13
574	11
574	21
574	4
574	14
575	59
575	610
575	627
575	28
575	11
575	22
575	12
575	13
575	21
576	38
576	144
576	271
576	12
576	10
576	4
576	55
576	14
576	102
576	22
576	9
576	20
577	123
577	151
577	144
577	165
577	14
577	102
577	4
577	12
577	13
577	21
577	126
577	562
578	39
578	628
578	13
578	12
578	14
578	21
578	11
579	530
579	12
579	14
579	4
579	11
579	55
579	33
579	13
580	103
580	125
580	10
580	104
580	111
580	91
580	45
581	510
581	274
581	4
581	13
581	12
581	91
581	142
581	34
581	14
581	102
582	629
582	630
582	104
582	5
582	11
582	10
582	91
582	97
583	197
583	490
583	144
583	44
583	40
583	47
583	385
583	13
583	12
583	21
583	11
583	14
583	102
583	4
584	510
584	189
584	9
584	125
584	315
584	12
584	13
584	4
584	14
584	102
584	142
584	33
584	34
584	22
585	146
585	101
585	613
585	383
585	13
585	499
585	102
585	14
585	4
585	419
586	587
586	437
586	400
586	19
586	631
586	22
586	12
586	21
586	13
586	280
586	4
586	14
587	587
587	437
587	400
587	19
587	631
587	22
587	12
587	21
587	13
587	280
587	4
587	14
588	43
588	8
588	4
588	14
588	12
588	10
588	7
589	632
589	410
589	182
589	12
589	13
589	101
589	34
589	55
590	137
590	633
590	37
590	14
590	55
590	101
590	11
590	104
590	4
590	91
591	634
591	16
591	12
591	13
591	21
592	346
592	160
592	4
592	14
592	22
592	11
592	91
592	13
592	12
592	7
592	499
592	104
593	38
593	160
593	19
593	12
593	4
593	14
593	11
593	21
593	245
594	35
594	2
594	19
594	14
594	4
594	12
594	13
594	21
594	22
594	34
594	91
594	237
595	300
595	194
595	35
595	14
595	4
595	11
595	21
595	12
595	13
596	43
596	35
596	12
596	13
596	14
596	21
596	11
597	141
597	35
597	12
597	13
597	21
597	14
598	35
598	38
598	19
598	12
598	11
598	13
598	21
598	4
598	14
599	358
599	35
599	54
599	4
599	12
599	13
599	37
599	21
599	34
599	22
600	134
600	35
600	19
600	22
600	153
600	13
600	37
600	45
601	141
601	35
601	12
601	13
601	4
601	14
601	21
601	11
602	35
602	59
602	16
602	47
602	19
602	12
602	13
602	21
602	14
602	4
602	22
602	20
603	186
603	35
603	19
603	12
603	20
603	11
603	13
603	4
603	14
604	222
604	47
604	12
604	4
604	14
604	102
604	55
604	101
604	11
604	22
604	104
604	36
604	344
604	635
604	91
605	43
605	636
605	476
605	33
605	60
605	12
605	55
605	4
605	14
606	119
606	12
606	11
606	10
606	14
606	4
606	135
606	91
607	558
607	86
607	4
607	36
607	95
607	102
607	12
607	91
607	238
607	21
607	142
608	152
608	213
608	14
608	102
608	12
608	104
608	581
608	5
608	290
608	13
608	58
608	11
609	504
609	137
609	45
609	10
609	55
609	21
609	112
609	4
609	14
609	11
609	104
609	36
610	504
610	137
610	45
610	10
610	55
610	21
610	112
610	4
610	14
610	11
610	104
610	36
611	637
611	218
611	505
611	12
611	10
611	14
611	55
611	11
611	104
611	209
611	290
611	21
611	91
611	4
612	328
612	152
612	223
612	33
612	55
612	10
612	11
612	91
612	5
612	13
612	21
612	4
612	14
612	499
612	104
613	431
613	101
613	14
613	4
613	11
613	10
613	289
613	33
613	12
613	13
614	638
614	19
614	241
614	12
614	4
614	320
615	165
615	55
615	14
615	4
615	11
615	91
615	116
615	12
615	13
615	102
615	142
615	418
616	186
616	32
616	101
616	187
616	10
616	91
616	11
616	14
616	4
616	116
616	12
616	13
616	21
616	33
617	414
617	101
617	55
617	12
617	116
617	91
617	13
617	58
618	2
618	508
618	101
618	55
618	12
618	10
618	91
618	116
618	14
618	11
618	22
618	13
618	7
619	134
619	508
619	181
619	103
619	36
619	418
619	101
619	104
619	55
619	14
619	11
619	12
619	13
619	37
619	21
619	10
619	639
619	427
619	22
619	142
619	45
620	166
620	147
620	18
620	55
620	13
620	12
620	33
620	91
620	116
620	34
621	640
621	54
621	115
621	181
621	256
621	91
621	641
621	12
621	101
622	119
622	45
622	10
622	11
622	116
622	21
622	12
622	13
622	91
622	4
622	14
622	102
622	22
623	119
623	45
623	4
623	14
623	102
623	22
623	10
623	11
623	116
623	21
623	12
623	13
623	91
624	428
624	2
624	19
624	150
624	91
624	116
624	10
624	11
624	12
624	13
624	4
624	14
624	102
624	7
625	134
625	4
625	14
625	22
625	12
625	13
625	91
625	34
626	186
626	25
626	174
626	19
626	7
626	4
626	14
626	12
626	11
626	10
626	116
626	91
626	13
626	22
627	44
627	21
627	11
627	12
627	290
627	28
627	33
627	13
628	114
628	290
628	12
628	11
629	10
629	642
629	13
629	4
629	33
629	55
629	102
629	36
629	643
630	47
630	12
630	22
630	91
630	13
630	33
630	7
631	331
631	333
631	12
631	644
631	21
631	112
631	13
631	91
631	33
631	383
632	24
632	189
632	111
632	9
632	10
632	13
632	55
632	5
633	331
633	315
633	55
633	13
633	644
633	11
633	21
633	14
633	91
633	10
633	33
633	12
634	292
634	44
634	331
634	25
634	266
634	645
634	60
634	13
634	21
634	14
634	12
635	19
635	40
635	417
635	241
635	333
635	12
635	13
635	21
636	646
636	40
636	19
636	204
636	13
636	21
636	12
636	22
637	647
637	141
637	207
637	12
637	13
637	21
637	11
637	14
638	49
638	205
638	444
638	14
638	4
638	60
638	648
638	12
638	11
639	181
639	101
639	12
639	649
639	14
639	13
640	216
640	102
640	4
640	650
640	12
640	238
640	651
640	19
641	358
641	152
641	652
641	223
641	104
641	12
641	5
641	14
641	13
641	21
641	58
641	36
642	43
642	10
642	102
642	33
642	4
642	91
642	142
642	13
642	55
642	14
642	11
643	653
643	396
643	4
643	11
643	142
643	10
643	33
643	12
644	10
644	133
644	13
644	33
644	55
644	4
644	102
644	36
644	643
645	385
645	142
645	10
645	91
645	33
645	12
645	13
645	4
646	86
646	91
646	10
646	12
646	33
646	13
646	142
647	548
647	142
647	4
647	12
647	91
647	33
648	515
648	7
648	23
648	91
648	121
648	12
649	151
649	101
649	55
649	45
649	91
649	33
649	116
649	12
650	146
650	4
650	102
650	142
650	10
650	12
650	13
650	55
651	146
651	125
651	345
651	4
651	419
651	104
651	12
651	91
651	106
652	46
652	22
652	21
652	4
652	14
652	113
652	10
652	60
652	12
652	33
652	427
653	654
653	14
653	4
653	19
653	7
653	12
653	13
653	91
653	163
653	238
653	655
654	27
654	102
654	10
654	11
654	21
654	13
654	22
654	20
655	222
655	34
655	12
655	14
655	102
655	55
655	129
655	101
655	11
655	91
655	347
655	104
655	4
656	426
656	254
656	654
656	373
656	4
656	12
656	11
656	10
656	14
656	13
656	22
657	300
657	40
657	4
657	14
657	102
657	101
657	22
657	13
657	12
657	11
657	7
657	499
657	104
658	134
658	103
658	4
658	14
658	113
658	33
658	10
658	91
658	13
658	45
659	431
659	10
659	4
659	14
659	102
659	104
660	656
660	7
660	12
660	10
660	37
660	4
660	14
660	101
660	11
660	91
661	54
661	432
661	158
661	12
661	13
661	11
661	21
661	14
661	4
661	20
661	22
662	547
662	657
662	23
662	19
662	22
662	7
662	12
662	11
662	290
662	13
662	91
662	4
662	14
663	300
663	95
663	14
663	102
663	55
663	11
663	21
663	128
663	91
663	12
663	658
664	46
664	2
664	44
664	20
664	11
664	10
664	4
664	14
664	13
664	91
664	12
664	21
664	22
665	381
665	2
665	44
665	144
665	20
665	12
665	10
665	11
665	21
665	4
665	13
665	22
666	659
666	332
666	333
666	153
666	19
666	660
666	91
666	13
666	104
666	290
666	14
666	58
666	102
666	21
666	12
667	16
667	315
667	12
667	10
667	4
667	102
667	55
667	101
667	11
667	22
667	91
668	379
668	16
668	438
668	17
668	661
668	11
668	12
668	523
668	21
668	245
669	186
669	2
669	3
669	187
669	19
669	20
669	7
669	4
669	14
669	12
669	10
669	11
669	22
669	13
669	383
669	142
670	43
670	662
670	189
670	2
670	165
670	19
670	7
670	33
670	4
670	14
670	12
670	11
670	22
670	13
670	383
670	10
671	321
671	662
671	44
671	654
671	663
671	664
671	19
671	45
671	4
671	14
671	22
671	12
671	11
671	13
671	21
671	393
671	383
672	16
672	187
672	2
672	17
672	19
672	22
672	174
672	113
672	21
672	12
672	33
672	58
672	383
673	665
673	79
673	12
673	37
673	4
673	14
673	55
673	11
673	104
673	91
674	79
674	666
674	526
674	667
674	63
674	528
674	12
674	13
674	14
674	55
674	11
674	4
674	21
675	513
675	19
675	14
675	256
675	102
675	514
675	12
675	116
675	55
675	22
676	62
676	70
676	13
676	37
676	14
676	11
676	102
676	4
676	21
676	128
677	62
677	388
677	36
677	33
677	10
677	12
677	13
677	21
677	4
677	14
678	668
678	35
678	669
678	204
678	12
678	11
678	418
678	60
678	13
678	277
678	670
679	2
679	125
679	268
679	10
679	22
679	12
679	91
679	45
680	214
680	213
680	91
680	671
680	493
680	672
680	673
681	510
681	44
681	125
681	34
681	12
681	13
681	11
681	499
681	104
682	674
682	54
682	36
682	12
682	37
682	91
682	116
682	33
682	102
683	156
683	2
683	508
683	675
683	19
683	91
683	13
683	22
683	14
683	4
683	10
683	113
683	20
684	273
684	54
684	676
684	12
684	4
684	14
684	102
684	13
684	116
684	246
685	19
685	2
685	22
685	13
685	12
685	4
685	7
686	428
686	355
686	12
686	37
686	102
686	11
686	45
686	91
686	104
686	4
687	2
687	94
687	91
687	12
687	13
687	22
688	2
688	151
688	660
688	10
688	12
688	13
688	4
688	14
688	22
689	155
689	124
689	12
689	21
689	13
689	4
689	14
690	38
690	19
690	16
690	12
690	21
690	13
691	366
691	19
691	12
691	113
691	13
691	21
691	33
692	371
692	677
692	104
692	165
692	55
692	12
692	10
692	13
692	14
692	102
692	4
692	509
692	4
692	11
693	371
693	292
693	34
693	12
693	116
693	14
693	102
693	55
693	101
693	11
693	33
693	4
693	91
693	104
694	43
694	54
694	7
694	12
694	11
694	104
694	13
694	4
694	14
694	22
695	186
695	438
695	36
695	576
695	7
695	22
695	12
695	11
695	21
695	13
695	4
695	14
696	317
696	678
696	190
696	679
696	55
696	10
696	121
696	91
696	12
696	33
697	2
697	20
697	10
697	4
697	21
697	14
697	102
697	13
697	12
697	91
697	22
698	321
698	13
698	462
698	113
698	12
698	4
698	14
698	23
698	91
698	116
698	21
699	410
699	19
699	241
699	22
699	12
699	13
699	34
700	43
700	4
700	8
700	116
700	106
701	220
701	10
701	12
701	268
701	91
701	313
701	277
702	2
702	12
702	55
702	680
703	79
703	350
703	12
703	13
703	14
703	21
704	152
704	350
704	21
704	13
704	14
704	4
704	55
704	12
705	382
705	350
705	12
705	13
705	21
706	414
706	350
706	14
706	11
706	12
706	13
707	473
707	350
707	13
707	12
707	14
707	21
708	2
708	266
708	160
708	113
708	12
708	13
708	20
709	278
709	315
709	101
709	111
709	9
709	4
709	13
709	12
709	91
709	33
709	45
710	437
710	438
710	17
710	681
710	26
710	94
710	682
710	683
710	19
710	126
710	11
710	12
710	21
710	13
710	91
710	116
710	383
710	583
710	33
711	431
711	331
711	2
711	189
711	19
711	14
711	4
711	11
711	22
711	21
711	13
711	12
711	34
712	437
712	577
712	18
712	4
712	14
712	102
712	128
712	22
712	19
712	287
712	91
712	11
712	12
712	13
712	583
713	145
713	577
713	19
713	22
713	14
713	4
713	11
713	21
713	12
713	13
713	33
713	58
713	91
713	116
713	383
714	19
714	2
714	144
714	182
714	4
714	12
714	13
714	45
714	150
715	50
715	2
715	684
715	104
715	12
715	13
715	54
715	44
715	4
715	14
715	91
715	10
716	50
716	2
716	684
716	104
716	12
716	13
716	54
716	44
716	4
716	14
716	91
716	10
717	50
717	2
717	684
717	104
717	12
717	13
717	54
717	44
717	4
717	14
717	91
717	10
718	43
718	398
718	19
718	134
718	20
718	12
718	13
718	21
718	11
718	22
718	4
718	14
719	43
719	14
719	4
719	383
719	10
719	13
720	284
720	19
720	400
720	12
720	13
720	14
720	28
720	7
720	268
721	557
721	19
721	410
721	115
721	22
721	13
721	12
721	21
721	11
722	40
722	25
722	151
722	561
722	26
722	178
722	12
722	91
722	22
722	21
722	13
723	685
723	19
723	12
723	13
723	21
723	22
723	20
724	284
724	398
724	2
724	46
724	219
724	686
724	19
724	12
724	14
724	33
724	36
724	267
724	4
724	113
724	687
725	547
725	19
725	12
725	13
725	22
725	36
725	239
725	11
726	46
726	19
726	418
726	378
726	22
726	12
726	13
726	91
726	21
726	14
726	4
726	11
726	33
726	58
727	222
727	175
727	7
727	12
727	11
727	13
727	4
727	14
727	55
727	142
727	91
728	688
728	418
728	14
728	4
728	12
728	11
728	444
728	91
728	56
728	13
728	33
729	547
729	418
729	19
729	22
729	12
729	11
729	14
729	4
729	91
729	116
729	33
729	58
730	188
730	18
730	12
730	13
730	116
730	33
731	234
731	10
731	12
731	116
731	33
731	91
731	14
731	4
731	13
732	86
732	116
732	12
732	13
732	33
733	155
733	18
733	14
733	4
733	12
733	689
733	13
733	116
733	33
733	11
734	81
734	25
734	47
734	241
734	12
734	13
734	299
734	28
735	81
735	16
735	412
735	400
735	19
735	22
735	12
735	13
735	28
736	117
736	200
736	25
736	44
736	91
736	11
736	12
736	10
736	4
736	14
736	102
736	13
736	126
736	444
736	20
736	245
737	195
737	690
737	14
737	4
737	21
737	12
737	245
738	2
738	315
738	10
738	12
738	13
738	11
738	22
738	4
738	102
738	14
738	7
739	134
739	315
739	19
739	22
739	12
739	14
739	4
739	11
739	58
740	81
740	54
740	55
740	12
740	22
740	7
741	12
741	37
741	4
741	14
741	55
741	11
741	91
741	21
741	128
742	134
742	412
742	4
742	55
742	19
742	126
742	14
742	12
742	13
742	37
742	11
742	21
742	34
742	245
743	134
743	412
743	125
743	12
743	37
743	4
743	14
743	55
743	11
743	22
743	19
743	45
743	21
744	146
744	125
744	125
744	12
744	10
744	37
744	4
744	14
744	102
744	55
744	101
744	11
744	33
744	91
744	45
744	128
745	43
745	101
745	55
745	11
745	10
745	12
745	135
745	91
745	4
745	14
745	13
745	33
746	691
746	47
746	12
746	11
746	13
746	22
746	14
746	4
746	28
746	20
747	166
747	12
747	55
747	14
747	4
747	11
747	290
747	33
747	91
747	116
747	20
748	117
748	335
748	692
748	101
748	19
748	126
748	11
748	12
748	14
748	102
748	10
748	116
748	91
748	33
748	13
748	20
748	523
749	155
749	189
749	12
749	14
749	21
749	22
749	34
749	33
750	292
750	189
750	2
750	4
750	102
750	14
750	12
750	13
750	33
750	34
751	43
751	189
751	14
751	4
751	12
751	13
751	11
751	55
751	313
751	58
751	142
752	2
752	104
752	22
752	14
752	102
752	91
752	13
752	58
752	11
753	2
753	693
753	174
753	294
753	17
753	12
753	21
753	11
753	694
753	20
753	14
753	4
753	13
753	28
754	39
754	556
754	149
754	12
754	37
754	21
754	298
755	171
755	2
755	19
755	14
755	4
755	12
755	10
755	11
755	13
755	21
755	22
755	33
755	20
756	171
756	2
756	19
756	20
756	264
756	216
756	102
756	12
756	10
756	13
756	22
757	428
757	134
757	12
757	37
757	13
757	21
757	34
757	22
758	389
758	32
758	12
758	21
758	11
758	14
758	4
758	13
759	93
759	237
759	123
759	681
759	264
759	12
759	11
759	444
759	21
759	14
759	102
759	19
759	126
759	91
759	116
759	4
760	43
760	256
760	102
760	521
760	695
760	696
760	697
760	268
761	515
761	16
761	54
761	125
761	19
761	12
761	37
761	34
761	22
762	698
762	431
762	593
762	14
762	102
762	4
762	13
762	37
762	21
762	11
762	421
763	698
763	431
763	593
763	14
763	102
763	4
763	13
763	37
763	21
763	11
763	421
764	431
764	476
764	14
764	4
764	11
764	21
764	13
764	12
764	58
765	2
765	18
765	14
765	4
765	102
765	91
765	116
765	10
765	11
765	12
765	13
765	22
765	7
766	468
766	18
766	91
766	116
766	10
766	11
766	12
766	13
766	22
766	14
766	4
766	102
766	7
767	547
767	580
767	44
767	25
767	19
767	7
767	10
767	116
767	91
767	12
767	22
768	612
768	4
768	18
768	165
768	20
768	699
768	33
769	40
769	53
769	17
769	19
769	22
769	12
769	37
769	11
769	33
769	320
769	128
770	16
770	26
770	17
770	12
770	91
770	13
770	33
770	28
770	11
770	21
770	126
770	14
770	4
771	166
771	223
771	12
771	290
771	11
771	5
771	91
771	56
771	7
771	499
771	104
772	375
772	223
772	104
772	9
772	14
772	102
772	55
772	12
772	91
772	21
772	11
773	575
773	40
773	18
773	32
773	700
773	701
773	19
773	14
773	102
773	12
773	11
773	13
773	91
773	21
773	10
773	22
773	238
773	97
774	216
774	40
774	18
774	32
774	700
774	701
774	19
774	12
774	11
774	13
774	91
774	14
774	102
774	21
774	10
774	22
774	238
774	97
775	16
775	19
775	437
775	17
775	25
775	94
775	12
775	13
775	4
775	14
775	102
775	113
775	22
775	20
775	33
776	214
776	213
776	177
776	91
776	671
776	493
776	54
776	673
777	288
777	702
777	19
777	14
777	4
777	18
777	12
777	11
777	240
777	21
777	91
777	238
777	444
778	288
778	702
778	19
778	14
778	4
778	18
778	12
778	11
778	240
778	21
778	91
778	238
778	444
779	332
779	430
779	12
779	22
779	21
779	13
779	7
780	703
780	613
780	17
780	44
780	704
780	12
780	11
780	13
780	14
780	4
780	239
780	126
780	33
780	245
781	703
781	613
781	17
781	44
781	704
781	12
781	11
781	13
781	14
781	4
781	239
781	126
781	33
781	245
782	59
782	43
782	17
782	13
782	14
782	4
782	10
782	280
782	502
782	610
782	705
782	28
782	20
783	59
783	43
783	17
783	13
783	14
783	4
783	10
783	280
783	502
783	610
783	705
783	28
783	20
784	706
784	36
784	101
784	11
784	12
784	13
784	91
784	21
784	10
785	155
785	12
785	13
785	91
785	33
785	101
785	55
785	4
786	16
786	387
786	19
786	34
786	12
786	13
786	22
786	4
787	43
787	387
787	14
787	4
787	11
787	55
787	12
787	13
787	21
788	665
788	79
788	14
788	4
788	11
788	21
788	12
788	13
789	253
789	79
789	12
789	11
789	13
789	55
789	4
789	14
790	707
790	12
790	13
790	37
790	4
790	1525
790	4
791	256
791	12
791	14
791	33
791	4
791	55
791	246
791	45
792	431
792	4
792	14
792	11
792	10
792	12
792	91
792	116
792	13
792	22
793	314
793	256
793	101
793	55
793	91
793	12
793	21
794	398
794	4
794	104
794	10
794	11
794	12
794	13
794	21
794	22
794	20
795	93
795	4
795	12
795	11
795	14
795	135
795	165
795	10
795	91
795	116
795	33
795	142
795	21
796	134
796	165
796	4
796	14
796	36
796	12
796	13
796	11
796	101
796	116
796	56
796	238
796	20
796	22
796	163
797	134
797	165
797	4
797	14
797	36
797	12
797	13
797	11
797	101
797	116
797	56
797	238
797	20
797	22
797	163
798	81
798	7
798	91
798	102
798	13
798	33
799	12
799	4
799	14
799	102
799	91
799	142
800	557
800	102
800	12
800	13
800	4
800	33
800	34
800	22
801	375
801	102
801	14
801	4
801	104
801	12
801	91
801	13
801	10
801	116
801	128
801	105
802	708
802	25
802	17
802	14
802	148
802	662
802	4
802	12
802	21
802	280
802	13
802	245
802	427
803	173
803	152
803	289
803	104
803	290
803	5
803	55
803	12
803	581
803	14
803	4
804	700
804	289
804	104
804	14
804	4
804	55
804	10
804	58
804	91
805	2
805	124
805	26
805	19
805	12
805	21
805	14
806	337
806	102
806	5
806	709
807	710
807	711
807	4
807	280
807	13
807	14
807	12
807	712
808	510
808	711
808	713
808	578
808	14
808	4
808	12
808	280
808	21
808	13
809	510
809	711
809	713
809	578
809	14
809	4
809	12
809	280
809	21
809	13
810	647
810	29
810	714
810	12
810	13
810	37
810	21
811	44
811	437
811	4
811	14
811	12
811	13
811	33
811	11
811	91
812	222
812	12
812	715
812	14
812	4
812	142
812	246
812	91
812	13
812	33
812	444
813	663
813	12
813	283
813	91
813	45
814	355
814	10
814	4
814	14
814	102
814	33
814	104
814	128
814	91
814	45
815	155
815	400
815	144
815	14
815	4
815	9
815	12
815	113
815	21
815	22
815	33
815	20
816	19
816	473
816	241
816	22
816	12
816	13
816	21
816	20
817	167
817	19
817	294
817	123
817	226
817	10
817	716
817	13
817	126
817	444
817	717
818	167
818	19
818	294
818	123
818	226
818	10
818	716
818	13
818	126
818	444
818	717
819	167
819	19
819	294
819	123
819	226
819	10
819	716
819	13
819	126
819	444
819	717
820	167
820	19
820	294
820	123
820	226
820	10
820	716
820	13
820	126
820	444
820	717
821	358
821	718
821	19
821	4
821	14
821	12
821	13
821	22
821	11
821	318
821	7
822	62
822	63
822	64
822	65
822	66
822	67
822	68
822	69
822	70
822	71
822	72
822	73
822	74
822	75
822	76
822	13
822	12
822	14
822	4
822	21
823	72
823	521
823	12
823	514
823	13
823	91
823	11
823	14
823	102
823	33
823	34
824	2
824	719
824	14
824	4
824	55
824	21
824	347
824	11
824	720
824	60
824	12
824	10
824	20
824	13
824	245
825	385
825	104
825	12
825	10
825	13
825	91
825	567
826	49
826	4
826	14
826	55
826	10
826	13
826	11
826	7
826	499
826	104
827	431
827	104
827	11
827	12
827	14
827	4
827	102
827	10
827	91
827	116
827	135
827	22
828	117
828	22
828	4
828	14
828	102
828	10
828	13
828	91
828	12
828	142
828	33
828	11
828	45
828	290
828	499
828	104
829	117
829	104
829	91
829	116
829	10
829	280
829	12
829	13
829	22
829	4
829	14
829	102
830	467
830	47
830	19
830	22
830	4
830	102
830	14
830	11
830	12
830	7
830	499
830	104
831	117
831	34
831	299
831	33
831	4
831	14
831	102
831	290
831	12
831	13
831	91
831	11
831	116
831	499
831	104
832	431
832	10
832	116
832	14
832	102
832	11
832	22
832	104
832	128
832	45
832	91
833	431
833	102
833	4
833	14
833	10
833	91
833	116
833	280
833	22
833	12
833	104
833	502
833	444
834	331
834	508
834	247
834	4
834	55
834	19
834	116
834	22
834	91
834	45
834	13
834	142
835	40
835	16
835	174
835	241
835	54
835	47
835	12
835	13
835	299
835	45
836	40
836	2
836	3
836	112
836	5
836	12
836	13
836	4
837	721
837	43
837	18
837	40
837	12
837	13
837	21
837	22
837	33
837	34
838	40
838	117
838	4
838	102
838	14
838	10
838	11
838	12
838	13
838	22
838	45
838	499
838	104
839	431
839	40
839	501
839	104
839	227
839	12
839	135
839	4
839	14
839	102
839	142
839	22
839	13
840	134
840	722
840	723
840	101
840	102
840	4
840	14
840	104
840	275
840	11
840	91
840	21
840	45
841	134
841	724
841	315
841	12
841	10
841	4
841	14
841	102
841	55
841	101
841	11
841	22
841	104
841	19
841	128
841	45
841	91
842	2
842	124
842	3
842	19
842	10
842	14
842	4
842	21
842	13
842	12
842	22
843	16
843	725
843	19
843	373
843	12
843	13
843	11
843	22
844	437
844	725
844	19
844	12
844	13
844	21
844	105
845	16
845	400
845	19
845	12
845	22
845	13
845	21
845	11
846	173
846	104
846	147
846	91
846	599
846	34
847	380
847	157
847	25
847	17
847	44
847	190
847	12
847	13
847	21
848	723
848	266
848	12
848	13
848	58
848	22
849	93
849	726
849	135
849	4
849	102
849	11
849	12
849	10
849	21
849	33
849	14
850	331
850	508
850	19
850	22
850	142
850	247
850	4
850	55
850	10
850	116
850	91
850	7
850	13
851	727
851	728
851	102
851	111
851	729
851	104
851	4
851	19
851	21
851	281
851	91
851	238
852	186
852	111
852	101
852	115
852	91
852	13
852	33
852	34
853	511
853	101
853	111
853	4
853	14
853	102
853	22
853	12
853	91
853	11
853	10
853	21
853	33
853	34
854	173
854	213
854	94
854	4
854	14
854	290
854	581
854	10
854	209
854	5
854	12
854	55
855	676
855	730
855	507
855	731
855	12
855	13
855	142
856	43
856	44
856	593
856	13
856	37
856	102
856	14
856	4
856	11
856	732
856	733
856	698
856	21
856	421
857	72
857	438
857	241
857	22
857	14
857	4
857	12
857	11
857	13
857	91
857	116
857	20
857	33
858	173
858	147
858	19
858	378
858	315
858	596
858	22
858	91
858	116
858	33
858	58
858	581
858	20
858	56
859	734
859	102
859	104
859	58
859	14
859	12
859	10
859	11
859	91
859	13
859	126
859	142
859	4
859	116
860	250
860	207
860	101
860	4
860	14
860	102
860	21
860	12
860	91
860	10
860	33
861	134
861	104
861	11
861	12
861	13
861	22
861	4
861	102
861	7
862	386
862	43
862	44
862	2
862	101
862	104
862	10
862	12
862	268
862	11
862	21
862	14
862	4
862	55
862	13
862	277
863	735
863	736
863	95
863	10
863	12
863	13
863	33
864	43
864	737
864	142
864	104
864	10
864	12
864	13
864	21
864	11
864	91
864	116
864	102
864	4
864	247
864	14
864	4
864	55
864	245
865	688
865	44
865	14
865	4
865	102
865	95
865	12
865	13
865	10
865	91
865	116
865	11
865	22
865	444
866	738
866	101
866	55
866	112
866	4
866	12
866	13
866	21
866	11
866	14
866	102
866	91
866	116
866	553
866	34
866	14
866	102
867	578
867	102
867	4
867	101
867	55
867	215
867	299
867	91
867	45
868	739
868	740
868	741
868	101
868	55
868	359
868	4
868	14
868	102
868	12
868	11
868	91
868	21
868	37
868	418
868	33
868	7
869	43
869	12
869	37
869	4
869	14
869	102
869	55
869	101
869	11
869	91
869	45
870	43
870	101
870	55
870	4
870	14
870	102
870	12
870	11
870	37
870	91
871	43
871	55
871	101
871	4
871	418
871	12
871	13
871	11
871	509
871	14
871	102
871	91
872	146
872	663
872	12
872	4
872	14
872	102
872	55
872	101
872	11
872	91
872	175
872	344
872	45
873	371
873	12
873	10
873	37
873	14
873	102
873	55
873	101
873	11
873	45
874	742
874	125
874	4
874	14
874	12
874	743
874	339
874	744
874	22
875	745
875	256
875	54
875	101
875	746
875	91
875	37
875	509
876	428
876	95
876	101
876	102
876	10
876	91
876	280
876	4
876	14
877	747
877	281
877	748
877	10
877	142
877	427
877	11
877	13
877	4
877	128
877	22
877	19
878	749
878	14
878	102
878	11
878	104
878	91
878	45
879	156
879	101
879	284
879	12
879	102
879	256
879	112
879	45
880	700
880	10
880	102
880	112
880	4
880	14
880	13
880	750
881	130
881	12
881	4
881	14
881	11
881	101
881	55
881	10
881	13
881	142
882	751
882	91
882	238
882	116
882	55
882	101
882	14
882	12
882	165
883	752
883	2
883	12
883	10
883	4
883	14
883	11
883	33
883	22
883	237
883	290
883	36
883	267
883	320
883	121
883	45
883	499
883	104
884	117
884	14
884	4
884	102
884	95
884	104
884	85
884	91
884	620
885	321
885	753
885	19
885	14
885	246
885	12
885	128
885	11
885	126
885	97
886	2
886	266
886	4
886	14
886	13
886	10
886	55
886	21
887	372
887	79
887	142
887	104
887	4
887	21
887	55
887	11
887	10
887	13
887	14
888	303
888	290
888	91
888	14
888	4
888	28
888	13
889	700
889	101
889	115
889	754
889	147
889	33
889	34
889	13
889	91
889	4
890	755
890	4
890	91
890	756
890	238
891	723
891	19
891	22
891	12
891	383
891	58
892	358
892	19
892	14
892	4
892	11
892	58
892	91
892	116
892	33
892	22
893	93
893	418
893	32
893	12
893	11
893	13
893	21
893	14
893	4
893	583
893	19
893	451
893	91
893	33
894	428
894	173
894	241
894	19
894	4
894	14
894	102
894	13
894	12
894	33
894	21
894	7
895	173
895	189
895	111
895	9
895	315
895	19
895	378
895	151
895	10
895	56
895	4
895	34
895	12
895	33
895	22
896	145
896	19
896	22
896	12
896	13
896	91
896	116
896	33
896	58
896	383
897	18
897	12
897	13
897	91
897	116
897	14
897	4
897	11
897	129
897	131
897	757
897	347
898	571
898	174
898	102
898	701
898	616
898	12
898	19
898	21
898	13
898	14
898	4
898	22
898	383
898	97
899	253
899	758
899	125
899	4
899	256
899	759
899	167
899	12
899	11
899	10
899	111
899	760
899	91
899	104
899	177
899	55
899	97
900	173
900	19
900	333
900	414
900	12
900	21
900	13
900	4
900	58
900	11
901	44
901	400
901	5
901	91
901	13
901	10
901	45
901	33
902	761
902	102
902	5
902	91
902	22
902	12
902	11
902	7
902	33
903	49
903	5
903	91
903	10
903	11
903	13
903	22
903	4
903	14
903	102
903	12
904	762
904	44
904	5
904	113
904	102
904	14
904	238
904	163
904	91
904	4
905	763
905	101
905	102
905	268
905	10
905	91
906	764
906	101
906	91
906	374
907	765
907	562
907	91
907	760
908	14
908	12
908	5
908	91
908	13
908	4
908	7
909	145
909	14
909	14
909	537
909	9
910	218
910	24
910	388
910	12
910	13
910	21
911	292
911	274
911	12
911	13
911	34
912	375
912	388
912	12
912	13
912	21
912	4
912	14
912	33
912	11
912	20
913	222
913	766
913	19
913	4
913	102
913	12
913	21
913	13
913	37
914	473
914	388
914	12
914	13
914	21
915	29
915	388
915	11
915	12
915	13
915	21
915	4
916	473
916	274
916	12
916	4
916	13
916	21
917	381
917	388
917	16
917	21
917	13
917	11
917	12
918	134
918	100
918	34
918	12
918	4
918	14
918	102
918	101
918	11
918	19
918	21
919	767
919	18
919	388
919	203
919	12
919	13
919	37
919	21
919	11
919	34
919	22
920	467
920	274
920	359
920	19
920	268
920	22
920	14
920	102
920	4
920	21
920	13
920	12
920	20
921	117
921	95
921	14
921	102
921	100
921	359
921	12
921	21
921	13
921	11
921	538
921	33
921	4
921	14
922	431
922	388
922	25
922	44
922	17
922	19
922	22
922	12
922	11
922	20
922	13
922	14
922	4
923	768
923	79
923	9
923	12
923	13
923	37
923	21
923	34
923	14
923	22
924	145
924	79
924	174
924	12
924	14
924	13
924	11
925	40
925	532
925	2
925	25
925	19
925	370
925	4
925	116
925	21
925	12
925	13
925	769
925	28
926	40
926	43
926	264
926	265
926	46
926	156
926	19
926	22
926	4
926	10
926	20
926	13
926	21
926	116
926	12
926	163
927	46
927	19
927	44
927	26
927	32
927	400
927	4
927	14
927	21
927	116
927	33
927	245
927	126
928	395
928	190
928	32
928	4
928	14
928	277
928	121
928	125
928	352
928	499
928	91
928	102
928	12
928	238
929	323
929	151
929	32
929	12
929	10
929	620
929	499
929	91
929	102
929	116
929	4
929	14
929	277
929	33
929	45
930	80
930	274
930	19
930	22
930	21
930	14
930	4
930	116
930	142
930	12
930	13
930	11
930	770
930	427
930	639
931	2
931	771
931	399
931	125
931	37
931	14
931	101
931	104
931	359
931	45
931	91
932	772
932	50
932	271
932	182
932	12
932	13
932	14
932	55
932	33
932	102
932	36
932	4
932	175
932	128
932	275
932	91
932	142
933	381
933	2
933	4
933	14
933	562
933	10
933	11
933	21
933	116
933	33
933	126
934	773
934	17
934	26
934	14
934	21
934	12
934	116
934	4
934	10
934	13
934	33
934	126
934	20
935	675
935	19
935	21
935	116
935	12
935	13
935	33
935	4
935	22
936	156
936	18
936	115
936	44
936	151
936	12
936	13
936	21
936	116
937	532
937	4
937	102
937	14
937	11
937	12
937	21
937	22
937	390
937	499
937	104
938	774
938	4
938	14
938	165
938	10
938	91
938	126
938	116
938	775
938	13
939	125
939	2
939	174
939	17
939	19
939	322
939	13
939	12
939	10
939	4
939	14
939	21
939	113
939	91
939	4
939	14
940	125
940	2
940	174
940	17
940	19
940	322
940	13
940	12
940	10
940	4
940	14
940	21
940	113
940	91
940	163
940	4
940	14
941	114
941	4
941	14
941	12
941	11
941	13
941	10
941	116
941	33
941	21
941	776
942	292
942	125
942	54
942	33
942	12
942	13
942	116
943	16
943	146
943	44
943	165
943	14
943	102
943	91
943	12
943	777
943	4
943	10
943	280
943	19
943	126
943	163
943	20
944	192
944	22
944	116
944	12
944	237
944	91
944	13
944	21
944	7
945	591
945	483
945	484
945	592
945	485
945	488
945	104
945	14
945	101
945	55
945	11
945	111
945	296
946	778
946	384
946	155
946	17
946	25
946	549
946	124
946	4
946	165
946	101
946	488
946	33
946	55
946	13
946	43
947	146
947	34
947	4
947	55
947	101
947	11
947	199
947	344
947	499
947	104
948	134
948	40
948	34
948	12
948	10
948	4
948	14
948	102
948	55
948	101
948	11
948	22
948	19
948	104
948	290
949	43
949	55
949	101
949	4
949	14
949	13
949	12
949	11
949	45
949	102
949	91
950	779
950	780
950	781
950	782
950	783
950	784
950	785
950	205
950	14
950	4
950	12
950	21
950	28
950	786
951	77
951	30
951	31
951	25
951	153
951	12
951	13
951	21
951	104
952	787
952	30
952	31
952	34
952	12
952	13
952	21
952	302
952	32
953	284
953	19
953	788
953	13
953	22
953	45
954	222
954	181
954	54
954	104
954	10
954	91
954	11
954	116
954	12
954	13
954	22
954	7
955	300
955	94
955	91
955	102
955	11
955	13
955	55
955	4
956	19
956	148
956	241
956	22
956	14
956	4
956	11
956	21
956	13
956	12
956	58
957	26
957	16
957	19
957	17
957	163
957	322
957	789
957	12
957	13
957	21
958	790
958	16
958	438
958	17
958	791
958	19
958	126
958	11
958	245
958	12
958	13
958	21
958	28
959	437
959	664
959	418
959	617
959	19
959	444
959	126
959	12
959	13
959	21
959	91
959	33
959	116
960	16
960	664
960	608
960	792
960	19
960	12
960	116
960	33
961	426
961	19
961	22
961	12
961	10
961	116
961	13
961	11
961	33
961	14
961	4
961	34
962	19
962	793
962	13
962	20
962	33
962	11
962	22
962	4
962	14
963	145
963	794
963	20
963	21
963	11
963	28
963	245
963	14
963	4
963	12
963	55
963	13
963	126
964	795
964	508
964	33
964	13
964	12
964	4
964	14
965	796
965	414
965	4
965	14
965	22
965	45
965	12
965	13
965	33
966	547
966	797
966	254
966	264
966	400
966	4
966	14
966	102
966	165
966	10
966	21
966	11
966	13
966	91
966	116
966	12
966	19
966	126
966	135
966	562
967	222
967	19
967	22
967	7
967	11
967	12
967	55
967	129
967	4
967	14
968	2
968	17
968	174
968	19
968	13
968	383
968	45
969	437
969	580
969	94
969	299
969	34
969	12
969	237
969	13
969	91
969	116
970	57
970	438
970	19
970	17
970	174
970	20
970	11
970	13
970	33
970	116
970	91
970	14
970	237
970	4
970	22
971	16
971	664
971	17
971	44
971	583
971	14
971	4
971	11
971	10
971	19
971	126
971	33
971	798
971	91
971	116
972	53
972	799
972	800
972	801
972	439
972	418
972	125
972	12
972	91
972	21
972	324
972	802
973	145
973	803
973	79
973	12
973	13
973	21
973	14
973	11
974	72
974	277
974	101
974	11
974	4
974	14
974	91
974	10
974	55
974	33
974	290
975	222
975	22
975	12
975	277
975	174
975	19
976	43
976	101
976	277
976	14
976	4
976	11
976	12
976	10
976	444
976	91
976	116
976	33
977	40
977	222
977	103
977	111
977	104
977	112
977	55
977	12
977	10
978	16
978	17
978	19
978	804
978	12
978	20
978	21
978	13
979	805
979	596
979	241
979	22
979	12
979	34
980	515
980	414
980	10
980	113
980	4
980	14
980	13
980	91
980	22
980	55
980	7
981	398
981	438
981	685
981	19
981	7
981	12
981	13
981	11
981	21
981	150
981	4
981	14
982	145
982	143
982	12
982	10
982	4
982	14
982	55
982	11
982	104
982	83
982	21
983	806
983	143
983	388
983	4
983	34
983	12
983	13
983	104
983	14
983	102
984	222
984	125
984	281
984	11
984	10
984	22
984	4
984	14
984	102
984	12
984	91
984	21
984	238
984	13
985	222
985	125
985	281
985	11
985	10
985	22
985	4
985	14
985	102
985	12
985	91
985	21
985	238
985	13
986	410
986	125
986	12
986	7
987	807
987	125
987	10
987	13
987	33
988	2
988	808
988	373
988	12
988	374
988	4
988	10
988	22
988	13
988	14
989	428
989	125
989	148
989	182
989	12
989	13
989	4
989	45
989	28
990	2
990	103
990	12
990	13
990	11
990	22
990	20
991	51
991	809
991	14
991	37
991	12
992	810
992	4
992	14
992	102
992	280
992	12
992	13
992	287
992	163
992	20
992	102
992	4
992	14
993	278
993	675
993	182
993	101
993	10
993	12
993	116
993	91
993	13
993	22
993	20
994	811
994	19
994	580
994	55
994	101
994	12
994	215
994	91
994	13
994	213
994	34
995	801
995	256
995	428
995	14
995	102
995	36
995	12
995	37
995	11
995	268
995	91
995	10
995	55
995	129
996	14
996	102
996	104
996	267
996	278
996	36
997	372
997	812
997	10
997	91
997	142
997	33
997	13
997	12
997	102
998	173
998	94
998	378
998	213
998	19
998	55
998	290
998	10
998	209
998	14
998	91
998	58
998	5
998	12
998	4
998	22
999	80
999	19
999	378
999	91
999	116
999	33
999	14
999	4
999	12
999	13
999	21
999	112
999	55
999	58
1000	663
1000	19
1000	357
1000	167
1000	12
1000	13
1000	21
1000	33
1001	813
1001	16
1001	19
1001	17
1001	25
1001	14
1001	12
1001	13
1001	20
1002	47
1002	814
1002	45
1002	13
1002	12
1002	11
1003	815
1003	54
1003	286
1003	12
1003	14
1003	102
1003	83
1003	55
1003	626
1004	25
1004	440
1004	19
1004	561
1004	14
1004	12
1004	91
1004	22
1004	4
1004	102
1004	21
1004	13
1004	7
1004	33
1005	114
1005	25
1005	19
1005	14
1005	102
1005	4
1005	10
1005	12
1005	11
1005	13
1005	21
1005	22
1005	33
1005	7
1006	816
1006	14
1006	125
1006	4
1006	817
1006	818
1006	819
1006	523
1007	146
1007	125
1007	144
1007	14
1007	101
1008	153
1008	512
1008	45
1008	12
1008	13
1008	104
1008	14
1008	102
1008	11
1009	820
1009	12
1009	101
1009	821
1009	419
1009	91
1010	284
1010	101
1010	55
1010	14
1010	102
1010	4
1010	12
1010	21
1010	11
1010	822
1010	823
1010	824
1010	37
1010	33
1010	246
1010	142
1010	97
1011	284
1011	101
1011	55
1011	14
1011	102
1011	4
1011	12
1011	21
1011	11
1011	822
1011	823
1011	824
1011	37
1011	33
1011	246
1011	142
1011	97
1012	504
1012	825
1012	7
1012	4
1012	14
1012	12
1012	10
1012	91
1012	11
1012	13
1012	55
1012	101
1012	142
1013	51
1013	7
1013	12
1013	60
1013	37
1013	4
1013	14
1013	102
1013	55
1013	101
1013	104
1014	826
1014	44
1014	25
1014	181
1014	4
1014	101
1014	55
1014	104
1014	14
1014	102
1014	13
1014	91
1015	2
1015	94
1015	637
1015	104
1015	10
1015	227
1015	12
1015	55
1015	217
1015	14
1015	226
1015	4
1015	827
1016	273
1016	34
1016	12
1016	104
1016	4
1016	91
1017	826
1017	292
1017	369
1017	828
1017	83
1017	101
1017	14
1017	4
1017	102
1017	418
1017	33
1017	11
1017	91
1017	37
1017	12
1018	829
1018	292
1018	407
1018	175
1018	34
1018	12
1018	101
1018	11
1018	91
1018	354
1019	431
1019	101
1019	55
1019	14
1019	102
1019	13
1019	33
1019	91
1019	116
1019	11
1019	34
1020	830
1020	54
1020	144
1020	418
1020	12
1020	37
1020	324
1020	91
1020	142
1021	831
1021	93
1021	19
1021	12
1021	37
1021	22
1021	832
1021	418
1021	383
1021	509
1022	43
1022	26
1022	46
1022	59
1022	17
1022	44
1022	149
1022	147
1022	21
1022	13
1022	12
1022	11
1022	14
1022	102
1022	4
1022	91
1022	116
1022	33
1022	58
1022	383
1023	29
1023	116
1023	91
1023	13
1023	33
1023	58
1024	145
1024	10
1024	14
1024	55
1024	129
1024	4
1024	12
1024	113
1024	833
1024	45
1025	266
1025	281
1025	10
1025	116
1025	91
1025	22
1025	11
1025	4
1025	14
1025	102
1025	499
1025	104
1026	806
1026	4
1026	14
1026	12
1026	91
1026	113
1027	46
1027	143
1027	20
1027	10
1027	21
1027	12
1027	13
1027	11
1027	4
1027	14
1027	102
1027	22
1027	499
1027	104
1028	710
1028	143
1028	103
1028	280
1028	12
1028	10
1028	13
1028	104
1028	22
1028	55
1028	502
1028	562
1029	93
1029	17
1029	44
1029	19
1029	583
1029	418
1029	14
1029	10
1029	12
1029	13
1029	11
1029	21
1029	451
1030	342
1030	7
1030	4
1030	14
1030	102
1030	11
1030	9
1030	12
1030	13
1030	10
1030	116
1030	91
1030	22
1030	33
1031	2
1031	44
1031	101
1031	12
1031	10
1031	116
1031	14
1031	102
1031	45
1031	91
1031	113
1032	834
1032	19
1032	9
1032	298
1032	102
1032	22
1032	4
1032	12
1032	13
1032	10
1032	91
1032	116
1032	20
1033	575
1033	95
1033	10
1033	12
1033	91
1033	116
1033	11
1033	14
1033	102
1033	4
1033	13
1033	126
1033	451
1033	19
1033	502
1033	7
1034	2
1034	160
1034	144
1034	9
1034	10
1034	91
1034	116
1034	14
1034	4
1034	102
1034	12
1034	13
1034	22
1034	45
1035	665
1035	679
1035	292
1035	7
1035	104
1035	10
1035	12
1035	11
1035	91
1035	116
1035	55
1035	21
1035	33
1035	4
1035	14
1035	102
1036	222
1036	44
1036	419
1036	165
1036	19
1036	116
1036	322
1036	91
1036	10
1036	4
1036	113
1036	14
1036	12
1036	102
1036	55
1036	13
1037	222
1037	4
1037	14
1037	55
1037	85
1037	522
1037	91
1037	102
1037	104
1037	116
1037	54
1037	551
1037	4
1037	14
1038	32
1038	47
1038	19
1038	9
1038	22
1038	12
1038	10
1038	91
1038	116
1038	102
1038	4
1038	14
1038	7
1039	266
1039	4
1039	14
1039	12
1039	10
1039	91
1039	116
1040	2
1040	144
1040	835
1040	165
1040	12
1040	10
1040	11
1040	14
1040	102
1040	4
1040	91
1040	116
1040	13
1040	126
1040	583
1041	43
1041	12
1041	11
1041	14
1041	102
1041	4
1042	398
1042	14
1042	4
1042	102
1042	91
1042	116
1042	10
1042	13
1042	22
1042	11
1042	58
1043	2
1043	158
1043	144
1043	12
1043	10
1043	116
1043	4
1043	14
1043	102
1043	22
1043	125
1043	91
1043	45
1043	128
1044	2
1044	44
1044	125
1044	144
1044	12
1044	116
1044	37
1044	14
1044	22
1044	91
1045	2
1045	144
1045	34
1045	12
1045	116
1045	318
1045	22
1045	14
1045	125
1045	4
1045	91
1046	265
1046	570
1046	144
1046	538
1046	10
1046	91
1046	11
1046	4
1046	165
1046	116
1046	14
1046	102
1046	13
1046	12
1046	22
1046	14
1046	102
1047	836
1047	569
1047	570
1047	373
1047	22
1047	10
1047	11
1047	4
1047	102
1047	14
1047	91
1047	116
1047	165
1047	13
1048	166
1048	19
1048	4
1048	10
1048	56
1048	13
1048	22
1048	20
1049	428
1049	116
1049	102
1049	318
1049	104
1049	837
1049	838
1049	4
1049	45
1049	91
1050	428
1050	12
1050	116
1050	37
1050	14
1050	102
1050	22
1050	104
1050	4
1050	102
1050	91
1051	428
1051	10
1051	4
1051	14
1051	102
1051	11
1051	324
1051	22
1051	125
1051	91
1051	45
1052	428
1052	123
1052	19
1052	126
1052	12
1052	165
1052	10
1052	91
1052	116
1052	13
1052	444
1052	14
1052	102
1052	4
1052	33
1053	428
1053	123
1053	19
1053	126
1053	12
1053	165
1053	10
1053	91
1053	116
1053	13
1053	444
1053	14
1053	102
1053	4
1053	33
1054	19
1054	373
1054	4
1054	22
1054	14
1054	102
1054	165
1054	10
1054	91
1054	11
1054	13
1054	116
1055	398
1055	19
1055	378
1055	153
1055	12
1055	9
1055	14
1055	102
1055	4
1055	91
1055	116
1055	34
1055	22
1056	398
1056	167
1056	19
1056	438
1056	150
1056	20
1056	7
1056	14
1056	102
1056	10
1056	91
1056	116
1056	11
1056	13
1056	12
1056	9
1056	22
1056	21
1056	4
1057	676
1057	165
1057	4
1057	14
1057	102
1057	10
1057	116
1057	142
1057	12
1057	509
1057	22
1057	91
1057	37
1058	272
1058	4
1058	14
1058	102
1058	95
1058	116
1058	91
1058	10
1058	33
1058	12
1058	13
1059	839
1059	165
1059	14
1059	4
1059	102
1059	91
1059	10
1059	33
1059	116
1060	104
1060	10
1060	319
1060	91
1060	106
1060	105
1060	4
1060	14
1060	102
1061	15
1061	78
1061	20
1061	28
1061	4
1061	14
1061	11
1061	12
1061	21
1062	173
1062	205
1062	7
1062	10
1062	12
1062	11
1062	4
1062	14
1062	91
1063	467
1063	125
1063	101
1063	22
1063	4
1063	14
1063	102
1063	12
1063	13
1063	11
1063	91
1063	7
1063	10
1064	16
1064	18
1064	165
1064	45
1064	12
1064	11
1064	21
1064	13
1064	4
1064	14
1064	102
1064	22
1064	91
1064	116
1064	19
1065	840
1065	841
1065	125
1065	345
1065	842
1065	19
1065	12
1065	21
1065	22
1065	11
1065	33
1066	72
1066	19
1066	9
1066	14
1066	4
1066	102
1066	13
1066	113
1066	22
1066	12
1066	20
1067	35
1067	151
1067	54
1067	13
1067	21
1067	22
1067	12
1067	1525
1067	4
1068	40
1068	438
1068	16
1068	54
1068	843
1068	118
1068	400
1068	4
1068	14
1068	12
1068	19
1068	245
1068	21
1068	562
1068	4
1068	14
1069	40
1069	438
1069	16
1069	54
1069	843
1069	118
1069	400
1069	4
1069	14
1069	12
1069	19
1069	245
1069	21
1069	562
1069	4
1069	14
1070	767
1070	153
1070	20
1070	12
1070	13
1070	11
1070	21
1070	22
1070	4
1070	14
1071	16
1071	19
1071	616
1071	844
1071	302
1071	101
1071	55
1071	237
1071	102
1071	33
1072	660
1072	16
1072	19
1072	333
1072	13
1072	12
1072	28
1073	186
1073	7
1073	104
1073	10
1073	12
1073	91
1073	4
1073	14
1073	102
1073	116
1073	13
1073	11
1073	22
1073	33
1073	55
1074	845
1074	19
1074	846
1074	11
1074	12
1074	10
1074	128
1075	43
1075	101
1075	246
1075	116
1075	13
1075	10
1075	102
1075	238
1076	43
1076	847
1076	4
1076	91
1076	13
1076	10
1076	116
1076	33
1076	142
1077	379
1077	43
1077	17
1077	44
1077	2
1077	613
1077	20
1077	10
1077	21
1077	12
1077	11
1077	28
1077	4
1077	14
1078	59
1078	153
1078	7
1078	12
1078	21
1078	13
1078	11
1078	22
1079	16
1079	24
1079	17
1079	19
1079	22
1079	12
1079	11
1079	13
1080	146
1080	196
1080	530
1080	238
1080	101
1080	4
1080	10
1080	14
1080	106
1080	60
1080	12
1080	848
1081	787
1081	109
1081	111
1081	388
1081	104
1081	4
1081	12
1081	13
1081	91
1081	34
1081	22
1082	849
1082	16
1082	437
1082	19
1082	113
1082	12
1082	14
1082	55
1082	33
1082	20
1083	16
1083	438
1083	561
1083	19
1083	12
1083	13
1083	21
1083	11
1083	14
1083	4
1083	333
1084	59
1084	16
1084	19
1084	148
1084	17
1084	22
1084	14
1084	4
1084	11
1084	21
1084	13
1084	12
1085	15
1085	16
1085	19
1085	22
1085	20
1085	4
1085	14
1085	11
1085	21
1085	12
1085	13
1086	850
1086	17
1086	19
1086	12
1086	21
1086	11
1086	13
1086	22
1086	851
1087	16
1087	400
1087	17
1087	19
1087	13
1087	12
1087	126
1087	21
1087	245
1088	168
1088	852
1088	264
1088	12
1088	13
1088	91
1088	14
1088	281
1088	238
1089	2
1089	19
1089	174
1089	12
1089	21
1089	13
1089	694
1089	4
1089	14
1089	281
1089	165
1089	10
1089	116
1089	91
1090	12
1090	853
1090	854
1090	855
1090	507
1090	856
1090	48
1090	857
1090	95
1090	55
1090	701
1090	238
1090	151
1090	151
1090	238
1091	858
1091	355
1091	34
1091	12
1091	10
1091	4
1091	14
1091	102
1091	22
1091	104
1091	128
1091	55
1091	91
1092	40
1092	80
1092	34
1092	12
1092	22
1092	104
1092	111
1092	55
1092	112
1092	128
1092	4
1092	36
1092	238
1093	117
1093	2
1093	334
1093	103
1093	12
1093	11
1093	104
1093	10
1093	4
1093	14
1093	509
1093	55
1093	128
1093	22
1094	859
1094	182
1094	14
1094	4
1094	383
1094	280
1094	427
1094	21
1094	238
1094	91
1095	43
1095	53
1095	144
1095	4
1095	102
1095	22
1095	281
1095	10
1095	116
1095	11
1095	12
1095	13
1095	91
1095	33
1096	2
1096	44
1096	151
1096	142
1096	55
1096	10
1096	91
1096	13
1096	33
1097	24
1097	101
1097	55
1097	33
1097	12
1097	10
1097	91
1098	44
1098	95
1098	860
1098	12
1098	13
1098	247
1098	861
1098	20
1099	862
1099	101
1099	55
1099	36
1099	863
1100	244
1100	12
1100	4
1100	14
1100	102
1100	55
1100	129
1100	101
1100	11
1100	104
1100	402
1100	91
1100	499
1100	104
1101	571
1101	12
1101	116
1101	4
1101	14
1101	102
1101	55
1101	45
1101	91
1101	499
1102	86
1102	142
1102	55
1102	33
1102	91
1102	10
1102	12
1102	13
1103	155
1103	33
1103	12
1103	13
1103	142
1103	55
1104	864
1104	124
1104	19
1104	12
1104	37
1104	4
1104	14
1104	102
1104	55
1104	129
1104	101
1104	11
1104	22
1104	347
1104	21
1104	104
1105	40
1105	222
1105	103
1105	486
1105	55
1105	281
1105	4
1105	112
1105	12
1105	13
1105	105
1106	222
1106	12
1106	10
1106	4
1106	14
1106	11
1106	91
1106	55
1106	101
1106	13
1106	45
1106	418
1106	142
1107	323
1107	4
1107	12
1107	13
1107	91
1107	116
1107	55
1107	142
1108	222
1108	12
1108	4
1108	14
1108	102
1108	112
1108	418
1108	45
1109	222
1109	10
1109	12
1109	91
1109	268
1109	14
1109	4
1109	499
1110	38
1110	865
1110	538
1110	55
1110	101
1110	12
1110	11
1110	13
1110	10
1110	22
1110	4
1110	14
1110	102
1110	91
1110	116
1111	866
1111	101
1111	55
1111	104
1112	266
1112	101
1112	45
1112	12
1112	13
1112	11
1112	10
1112	55
1113	573
1113	101
1113	12
1113	13
1113	55
1113	7
1114	724
1114	807
1114	315
1114	418
1114	12
1114	37
1114	33
1114	246
1114	142
1114	4
1114	354
1115	190
1115	4
1115	102
1115	10
1115	142
1115	55
1115	13
1115	401
1115	91
1115	116
1116	867
1116	36
1116	101
1116	274
1116	102
1116	11
1116	12
1116	10
1116	13
1116	21
1116	33
1116	4
1116	14
1117	547
1117	255
1117	14
1117	55
1117	312
1117	13
1117	142
1117	91
1117	10
1117	104
1117	12
1117	22
1117	502
1117	20
1117	19
1118	284
1118	142
1118	55
1118	868
1118	95
1118	14
1118	12
1118	91
1118	11
1118	418
1118	869
1119	515
1119	20
1119	33
1119	246
1119	142
1119	12
1119	91
1119	22
1119	13
1119	128
1120	79
1120	142
1120	33
1120	10
1120	12
1120	13
1120	246
1121	54
1121	10
1121	116
1121	91
1121	13
1121	142
1121	55
1121	4
1122	431
1122	19
1122	101
1122	4
1122	14
1122	12
1122	11
1122	13
1122	21
1122	142
1122	55
1122	33
1123	870
1123	25
1123	160
1123	101
1123	55
1123	104
1124	40
1124	2
1124	182
1124	4
1124	14
1124	102
1124	101
1124	104
1124	36
1125	40
1125	871
1125	4
1125	14
1125	102
1125	104
1125	21
1125	91
1125	13
1125	10
1126	40
1126	4
1126	14
1126	12
1126	10
1126	11
1126	91
1126	55
1126	175
1126	142
1126	13
1126	7
1127	151
1127	12
1127	102
1127	142
1127	10
1127	247
1127	91
1127	55
1128	134
1128	44
1128	12
1128	4
1128	14
1128	102
1128	11
1128	22
1128	21
1128	104
1128	246
1128	36
1129	300
1129	102
1129	10
1129	104
1129	286
1129	95
1129	55
1129	4
1129	14
1129	85
1129	91
1129	116
1130	16
1130	7
1130	55
1130	142
1130	13
1130	427
1130	91
1130	12
1130	393
1130	19
1131	872
1131	530
1131	12
1131	873
1131	91
1131	33
1132	44
1132	12
1132	247
1132	10
1132	13
1132	401
1133	468
1133	247
1133	12
1133	91
1133	13
1133	33
1134	874
1134	55
1134	9
1134	12
1134	13
1134	14
1134	91
1134	34
1135	46
1135	25
1135	44
1135	148
1135	28
1135	12
1135	13
1135	11
1135	21
1135	4
1135	14
1135	10
1135	20
1136	72
1136	254
1136	26
1136	55
1136	113
1136	56
1136	12
1136	10
1136	13
1136	4
1136	14
1136	33
1136	58
1137	43
1137	44
1137	113
1137	10
1137	13
1137	14
1137	322
1137	4
1137	12
1137	91
1137	163
1138	807
1138	18
1138	12
1138	37
1138	14
1139	38
1139	18
1139	12
1139	13
1139	22
1139	21
1139	20
1140	166
1140	124
1140	12
1140	13
1140	21
1140	14
1141	15
1141	476
1141	400
1141	12
1141	11
1141	13
1141	21
1142	15
1142	875
1142	11
1142	255
1142	245
1142	19
1142	126
1142	451
1142	12
1142	13
1142	21
1143	146
1143	17
1143	174
1143	44
1143	25
1143	148
1143	241
1143	19
1143	22
1143	14
1143	4
1143	11
1143	12
1143	13
1143	33
1143	58
1143	91
1143	116
1144	173
1144	414
1144	101
1144	111
1144	10
1144	12
1144	7
1145	173
1145	3
1145	9
1145	7
1145	10
1145	11
1145	599
1145	12
1145	14
1145	4
1146	46
1146	189
1146	9
1146	111
1146	12
1146	10
1146	13
1147	420
1147	432
1147	54
1147	2
1147	146
1147	101
1147	10
1147	12
1147	11
1147	268
1147	13
1147	21
1147	55
1147	14
1147	22
1147	33
1147	20