0	1221
0	43
0	26
0	17
0	1222
0	373
0	11
0	12
0	13
0	22
1	43
1	280
1	238
1	4
1	14
1	10
2	1223
2	279
2	558
2	4
2	14
2	102
2	10
2	91
2	21
2	238
2	1224
3	145
3	438
3	10
3	113
3	91
3	60
3	33
3	889
3	12
3	22
3	129
3	4
3	14
4	222
4	91
4	10
4	268
4	13
4	12
4	257
5	253
5	91
5	172
5	1225
5	12
6	2
6	12
6	172
6	8
7	396
7	20
7	10
7	12
7	13
7	22
7	663
7	1226
7	58
7	5
7	116
8	396
8	20
8	10
8	12
8	13
8	22
8	663
8	1226
8	58
8	5
8	116
9	533
9	34
9	12
9	14
9	11
9	33
9	4
9	91
10	253
10	172
10	91
10	12
10	13
10	268
10	14
11	2
11	91
11	172
11	12
11	13
11	329
11	21
12	147
12	2
12	264
12	44
12	91
12	10
12	12
12	21
12	1227
13	166
13	22
13	10
13	91
13	116
13	11
13	12
14	119
14	14
14	25
14	113
14	91
14	12
14	13
14	44
14	17
14	238
14	21
15	145
15	10
15	60
15	4
15	14
15	11
15	696
15	238
15	1228
15	347
15	277
16	1229
16	949
16	1225
16	12
16	91
16	4
16	14
16	55
16	277
17	1229
17	949
17	1225
17	12
17	91
17	4
17	14
17	55
17	277
18	167
18	2
18	12
18	91
18	13
18	113
18	4
18	14
18	281
19	43
19	12
19	4
19	14
19	129
19	113
19	888
19	7
20	145
20	11
20	14
20	4
20	383
20	237
20	129
20	45
21	134
21	4
21	14
21	103
21	10
21	11
21	91
21	12
21	21
21	22
22	761
22	101
22	268
22	12
22	91
22	13
22	19
22	21
22	22
22	4
22	14
22	7
22	11
23	924
23	12
23	91
23	13
23	7
23	33
23	22
24	84
24	22
24	12
24	91
24	237
24	11
24	4
24	20
24	13
25	1230
25	14
25	4
25	91
25	113
25	544
25	12
26	500
26	1231
26	616
26	12
26	21
26	85
26	10
26	105
27	22
27	17
27	16
27	292
27	12
27	13
27	116
27	20
27	178
28	53
28	16
28	25
28	17
28	7
28	13
28	12
28	91
28	22
29	1232
29	102
29	36
29	32
29	10
29	116
30	146
30	292
30	256
30	473
30	22
30	12
30	13
30	14
30	33
30	237
30	113
30	257
30	91
30	20
30	4
30	1525
30	4
31	300
31	125
31	44
31	4
31	14
31	102
31	12
31	91
31	10
31	21
32	134
32	44
32	25
32	17
32	4
32	14
32	22
32	10
32	116
32	280
32	91
33	1233
33	11
33	10
33	91
33	13
33	14
33	129
33	7
34	578
34	17
34	19
34	378
34	292
34	53
34	241
34	12
34	21
34	23
34	1234
34	34
35	515
35	24
35	10
35	13
35	91
35	11
35	22
35	7
35	12
36	2
36	532
36	4
36	103
36	7
36	11
36	12
36	13
36	91
36	10
36	21
36	33
36	22
37	44
37	22
37	10
37	12
37	91
37	13
37	11
37	7
38	149
38	621
38	440
38	958
38	140
38	139
38	91
38	22
39	253
39	16
39	148
39	515
39	278
39	25
39	872
39	44
39	10
39	102
39	22
39	104
39	45
39	1235
39	113
39	91
39	21
40	437
40	253
40	220
40	43
40	22
40	104
40	91
40	20
40	148
41	147
41	303
41	1236
41	138
41	362
41	1237
41	1238
41	91
41	20
41	22
41	1239
41	418
41	716
42	145
42	44
42	396
42	17
42	440
42	530
42	264
42	149
42	148
42	1240
42	280
42	10
42	91
42	13
42	437
42	22
42	157
42	20
43	710
43	44
43	396
43	17
43	440
43	530
43	264
43	149
43	148
43	1240
43	280
43	10
43	91
43	13
43	437
43	22
43	157
43	20
44	701
44	437
44	12
44	37
44	22
44	34
45	44
45	153
45	25
45	437
45	22
45	12
45	20
46	24
46	43
46	12
46	14
46	4
46	22
47	24
47	25
47	44
47	146
47	437
47	1241
47	12
47	280
47	21
47	397
47	22
48	1242
48	25
48	44
48	12
48	14
48	13
48	11
48	7
49	145
49	1243
49	113
49	13
49	12
49	55
49	14
49	4
50	110
50	802
50	12
50	13
50	91
50	1244
51	1242
51	40
51	44
51	25
51	17
51	13
51	91
51	33
51	20
51	12
52	147
52	645
52	723
52	418
52	91
52	7
52	8
53	40
53	1242
53	17
53	54
53	160
53	12
53	13
53	91
53	33
53	45
54	849
54	10
54	13
54	33
54	4
54	91
54	696
55	43
55	691
55	17
55	400
55	113
55	4
55	14
55	205
55	12
55	28
56	84
56	292
56	19
56	241
56	13
56	639
56	427
56	33
56	7
56	113
56	12
57	1245
57	11
57	4
57	427
57	55
57	12
58	1246
58	1247
58	169
58	91
58	1248
59	300
59	159
59	314
59	12
59	91
59	13
59	21
59	268
59	4
59	14
59	7
60	398
60	12
60	281
60	11
60	10
60	91
61	264
61	70
61	1249
61	44
61	12
61	13
61	44
62	1246
62	91
62	12
62	178
62	45
62	19
63	173
63	209
63	91
63	12
63	13
63	4
63	14
63	22
63	34
63	11
64	533
64	11
64	13
64	12
64	91
64	209
64	7
65	1250
65	4
65	14
65	972
66	461
66	965
66	10
66	91
66	13
66	113
67	1163
67	19
67	101
67	4
67	7
67	22
67	819
67	177
67	257
67	178
67	13
67	12
67	91
68	355
68	241
68	33
68	91
68	172
69	51
69	12
69	37
69	4
69	14
69	102
69	55
69	11
69	962
70	146
70	113
70	10
70	91
70	888
70	129
71	145
71	1251
71	1252
71	12
71	10
71	60
71	129
71	428
71	4
71	14
71	113
71	238
71	22
72	222
72	1253
72	570
72	4
72	14
72	5
72	104
73	40
73	25
73	113
73	12
73	10
73	13
73	20
74	25
74	44
74	153
74	22
74	13
74	12
74	418
74	10
74	7
74	91
74	20
75	614
75	438
75	685
75	17
75	400
75	22
75	19
75	144
75	639
75	21
75	427
75	11
75	12
75	13
75	20
76	700
76	25
76	26
76	10
76	13
76	91
76	11
76	12
76	33
76	7
77	266
77	53
77	2
77	154
77	17
77	19
77	12
77	11
77	14
77	4
77	28
77	37
77	22
77	128
78	807
78	1020
78	400
78	968
78	102
78	14
78	13
78	91
78	33
78	21
78	12
79	336
79	147
79	645
79	418
79	91
79	8
79	7
80	314
80	254
80	101
80	4
80	116
80	22
80	13
80	12
80	33
80	7
81	146
81	385
81	1254
81	1208
81	14
81	281
81	12
81	106
82	146
82	385
82	1254
82	1208
82	14
82	281
82	12
82	106
83	16
83	1208
83	25
83	19
83	12
83	13
83	113
83	22
83	20
84	26
84	580
84	400
84	12
84	10
84	13
84	11
84	7
85	4
85	14
85	4
85	102
85	181
85	337
85	418
85	315
85	1165
85	238
85	419
85	10
85	55
85	12
85	13
85	163
86	62
86	174
86	54
86	160
86	103
86	277
86	14
86	13
86	12
86	11
86	91
86	7
87	2
87	160
87	19
87	101
87	4
87	102
87	12
87	33
87	91
87	121
87	620
87	268
87	22
87	7
88	43
88	265
88	187
88	1255
88	12
88	91
88	14
88	11
88	33
88	437
88	20
88	25
88	17
88	4
88	1256
88	10
89	315
89	91
89	8
89	243
90	316
90	1257
90	91
90	1258
91	222
91	12
91	13
91	257
91	4
92	417
92	292
92	94
92	7
92	12
92	11
92	13
92	257
92	22
93	93
93	26
93	256
93	1181
93	91
93	905
93	237
93	12
93	105
93	85
93	21
94	145
94	12
94	4
94	14
94	55
94	113
95	159
95	872
95	160
95	11
95	12
95	13
95	91
95	22
95	7
96	159
96	32
96	40
96	11
96	12
96	13
96	91
96	22
96	33
96	4
96	7
97	159
97	181
97	278
97	11
97	12
97	13
97	34
97	33
97	22
97	101
98	810
98	1020
98	11
98	13
98	12
98	22
98	7
99	1259
99	1260
99	860
99	4
99	14
99	116
99	12
99	13
99	11
99	28
99	20
100	1233
100	164
100	144
100	660
100	34
100	12
100	10
100	129
100	33
100	91
101	178
101	19
101	437
101	1261
101	366
101	17
101	306
101	12
101	13
101	281
102	266
102	43
102	17
102	1262
102	44
102	148
102	113
102	12
102	13
102	28
102	20
103	328
103	1263
103	13
103	10
103	113
103	14
103	91
103	20
104	19
104	1264
104	302
104	32
104	4
104	20
105	42
105	253
105	4
105	208
105	113
105	22
105	33
105	14
105	91
105	13
105	20
106	468
106	255
106	125
106	125
106	102
106	823
106	91
106	116
106	12
106	13
106	247
106	133
106	4
106	14
107	49
107	44
107	25
107	4
107	113
107	12
107	13
107	20
108	173
108	400
108	4
108	14
108	113
108	13
108	91
108	12
108	10
108	20
109	213
109	214
109	439
109	302
109	91
109	268
109	177
110	1265
110	4
110	280
110	14
110	10
110	21
110	33
111	134
111	316
111	1266
111	1267
111	167
111	12
111	21
112	1268
112	1269
112	163
112	91
112	12
112	238
112	13
113	38
113	11
113	13
113	91
113	4
113	14
113	21
113	7
113	33
113	22
113	12
114	300
114	44
114	1270
114	4
114	427
114	10
114	21
114	13
114	22
114	33
114	11
114	421
114	444
115	2
115	25
115	4
115	14
115	102
115	104
115	12
115	13
115	91
115	10
115	11
115	22
115	33
115	7
116	192
116	44
116	253
116	4
116	14
116	13
116	102
116	401
116	280
116	20
116	10
116	91
117	42
117	1198
117	12
117	13
117	1017
118	321
118	44
118	19
118	4
118	14
118	102
118	121
118	11
118	12
118	91
118	22
118	37
118	509
119	336
119	213
119	91
119	889
119	657
120	1123
120	908
120	1271
120	14
120	488
120	12
120	13
120	91
120	163
120	238
121	332
121	125
121	515
121	4
121	11
121	10
121	12
121	104
121	13
121	116
121	91
121	33
121	7
121	22
122	761
122	40
122	11
122	13
122	12
122	91
122	21
122	14
122	4
122	33
122	7
122	22
123	428
123	125
123	101
123	102
123	14
123	4
123	11
123	10
123	91
123	12
123	33
123	22
123	45
123	13
124	1272
124	652
124	91
124	22
125	884
125	91
125	8
126	152
126	213
126	596
126	91
126	45
127	430
127	1273
127	12
127	102
127	13
127	1274
128	146
128	576
128	157
128	959
128	25
128	19
128	898
128	178
128	237
128	95
128	12
128	91
128	116
128	102
128	37
128	256
128	22
128	672
128	821
129	1275
129	12
129	55
129	113
130	44
130	25
130	43
130	1025
130	22
130	33
130	113
130	10
130	13
130	91
130	7
131	84
131	121
131	4
131	13
131	14
131	290
131	22
131	11
131	33
131	12
131	20
131	91
132	1276
132	1277
132	1278
132	4
132	14
132	85
132	12
132	91
132	238
133	1046
133	148
133	182
133	4
133	10
133	14
133	91
133	12
133	33
133	116
133	13
134	300
134	1212
134	4
134	14
134	91
134	102
134	13
134	165
134	10
134	104
134	322
134	55
135	24
135	17
135	25
135	26
135	22
135	148
135	437
135	125
135	219
135	14
135	113
135	12
135	9
135	28
135	4
135	7
136	219
136	1020
136	40
136	12
136	268
136	4
136	14
136	13
136	7
136	91
136	22
137	219
137	204
137	113
137	12
137	4
137	55
137	14
137	7
138	219
138	151
138	4
138	22
138	128
138	12
139	216
139	219
139	25
139	17
139	318
139	128
139	12
139	37
139	509
139	238
139	11
139	91
139	22
140	110
140	219
140	1279
140	13
140	12
140	4
140	14
140	11
141	46
141	145
141	22
141	10
141	91
141	13
141	4
141	20
141	14
141	7
141	113
142	519
142	1280
142	12
142	13
142	121
142	8
142	1281
143	292
143	25
143	125
143	54
143	13
143	14
143	91
143	11
143	22
143	33
143	7
144	1282
144	644
144	396
144	437
144	1251
144	25
144	12
144	91
144	13
144	21
144	33
145	852
145	9
145	12
145	13
145	91
145	102
145	133
145	1283
145	256
145	116
146	114
146	113
146	10
146	91
146	13
146	4
146	14
146	103
146	20
146	33
146	22
147	44
147	1208
147	25
147	26
147	685
147	158
147	412
147	1284
147	91
147	1285
147	22
147	1286
147	33
147	7
148	16
148	17
148	19
148	264
148	523
148	14
148	4
148	85
149	16
149	17
149	19
149	264
149	523
149	14
149	4
149	85
150	151
150	44
150	12
150	13
150	91
150	4
150	45
150	14
151	160
151	151
151	33
151	91
151	12
151	13
151	11
151	14
152	468
152	113
152	12
152	13
152	746
152	33
153	400
153	278
153	54
153	33
153	13
153	10
153	12
154	893
154	153
154	4
154	14
154	277
154	639
154	427
154	28
154	55
154	12
154	11
155	40
155	160
155	25
155	32
155	47
155	33
155	22
155	12
155	13
155	10
155	7
156	331
156	12
156	91
156	10
156	13
156	33
157	1287
157	12
157	4
157	14
157	268
157	116
158	241
158	2
158	182
158	1209
158	278
158	19
158	10
158	91
158	12
158	113
158	13
159	1288
159	78
159	593
159	12
159	13
159	11
159	21
160	1289
160	81
160	256
160	54
160	1290
160	23
160	746
160	133
160	418
160	12
160	13
160	113
160	91
161	1291
161	81
161	256
161	54
161	1290
161	1292
161	746
161	133
161	418
161	12
161	13
161	113
161	91
162	1293
162	78
162	17
162	153
162	22
162	113
162	14
162	13
162	12
162	4
162	20
163	533
163	174
163	1294
163	19
163	4
163	14
163	12
163	37
163	11
163	22
164	1295
164	1296
164	102
164	101
164	318
164	128
164	106
165	533
165	268
165	12
165	13
165	55
165	204
165	4
165	14
166	253
166	19
166	378
166	1297
166	12
166	116
166	91
166	22
166	20
167	186
167	125
167	439
167	13
167	4
167	22
167	19
167	125
167	280
167	12
167	34
167	401
167	320
168	186
168	125
168	439
168	13
168	4
168	22
168	19
168	125
168	280
168	12
168	34
168	401
168	320
169	467
169	44
169	16
169	17
169	238
169	280
169	4
169	14
169	20
169	22
169	12
169	163
170	331
170	54
170	12
170	91
170	13
170	14
170	11
170	7
171	253
171	134
171	125
171	19
171	22
171	44
171	237
171	14
171	116
171	20
171	91
171	113
172	926
172	1298
172	1299
172	1300
172	113
172	10
172	91
172	13
172	22
172	509
172	4
172	102
172	14
173	216
173	1301
173	1302
173	281
173	11
173	12
173	13
173	572
173	4
174	204
174	160
174	12
174	14
174	13
174	91
174	11
174	7
175	78
175	16
175	17
175	44
175	4
175	264
175	1303
175	13
175	12
175	163
176	440
176	621
176	1304
176	1237
176	91
176	1197
176	322
177	547
177	303
177	19
177	167
177	280
177	12
177	55
177	7
178	547
178	303
178	19
178	167
178	280
178	12
178	55
178	7
179	468
179	19
179	4
179	14
179	22
179	13
179	12
179	10
179	113
179	55
179	7
180	222
180	174
180	19
180	277
180	7
180	4
180	13
180	12
180	10
180	91
180	22
181	440
181	205
181	91
181	22
181	1197
182	149
182	1243
182	91
182	1197
183	645
183	91
183	449
184	292
184	303
184	576
184	241
184	178
184	12
184	13
184	91
184	7
185	888
185	303
185	12
185	13
185	33
186	16
186	303
186	19
186	113
186	12
186	13
186	91
186	22
186	20
187	1305
187	174
187	1251
187	19
187	91
187	187
187	10
187	280
187	116
187	12
187	427
187	4
187	287
187	401
187	20
187	21
188	241
188	645
188	168
188	553
188	329
188	91
188	449
188	657
188	7
189	467
189	1306
189	11
189	13
189	12
189	10
189	21
189	14
189	4
189	45
190	86
190	18
190	116
190	247
190	91
190	142
190	13
190	33
190	10
190	55
190	12
191	691
191	153
191	26
191	968
191	44
191	22
191	12
191	113
191	318
191	10
191	28
191	91
191	1307
191	13
191	33
191	7
192	153
192	26
192	25
192	968
192	685
192	318
192	10
192	91
192	12
192	13
192	45
192	22
193	40
193	383
193	13
193	91
193	499
193	102
193	22
193	7
194	213
194	91
194	20
194	470
194	214
194	1308
195	331
195	178
195	292
195	19
195	22
195	7
195	4
195	12
195	13
195	91
195	21
195	33
195	11
195	746
196	1309
196	14
196	12
196	37
196	11
196	21
197	151
197	26
197	33
197	12
197	11
197	91
197	13
197	7
197	22
198	872
198	721
198	125
198	345
198	14
198	19
198	12
198	37
198	22
198	34
199	43
199	872
199	11
199	13
199	12
199	10
199	91
199	14
199	4
199	45
199	33
200	186
200	101
200	14
200	4
200	10
200	12
200	91
200	37
201	241
201	222
201	266
201	10
201	12
201	7
201	113
201	13
201	4
201	14
201	168
202	467
202	44
202	17
202	13
202	4
202	21
202	20
202	12
202	113
203	114
203	44
203	13
203	20
203	113
203	434
203	12
204	1310
204	1311
204	17
204	1075
204	266
204	13
204	191
205	1312
205	1313
205	17
205	128
205	4
205	14
205	13
205	113
206	114
206	86
206	103
206	390
206	10
206	113
206	91
206	12
206	116
206	13
206	20
207	431
207	19
207	17
207	12
207	113
207	4
207	14
207	20
208	787
208	315
208	36
208	131
208	13
208	12
208	91
208	33
208	34
209	578
209	19
209	34
209	11
209	13
209	12
209	22
209	1062
210	16
210	125
210	44
210	54
210	25
210	19
210	1102
210	12
210	13
210	329
210	113
210	33
210	22
210	7
211	437
211	468
211	46
211	530
211	253
211	43
211	155
211	17
211	25
211	22
211	44
211	10
211	12
211	91
211	13
211	20
211	113
212	77
212	17
212	25
212	20
212	14
212	113
212	12
212	13
212	4
213	679
213	54
213	94
213	241
213	22
213	113
213	12
213	13
213	7
214	145
214	4
214	12
214	14
214	116
214	55
215	250
215	4
215	113
215	14
215	12
215	55
216	1314
216	671
216	672
216	1017
216	19
216	12
216	13
216	91
216	593
216	113
216	102
216	4
216	101
217	533
217	18
217	10
217	12
217	91
217	13
217	268
217	4
217	14
217	33
217	7
218	43
218	33
218	10
218	11
218	91
218	21
218	746
218	4
218	7
218	36
219	26
219	12
219	13
219	7
219	33
220	146
220	83
220	1315
220	4
220	14
220	102
220	12
220	37
220	91
220	10
220	116
220	33
221	755
221	4
221	14
221	113
221	833
221	10
221	129
221	12
221	7
221	91
221	13
222	44
222	148
222	10
222	91
222	33
222	113
222	7
222	12
223	25
223	417
223	160
223	26
223	292
223	679
223	660
223	94
223	54
223	331
223	13
223	91
223	22
223	11
223	7
224	26
224	151
224	54
224	13
224	14
224	12
224	11
224	22
224	7
225	621
225	440
225	94
225	54
225	25
225	7
225	33
225	12
225	13
225	14
225	11
225	22
226	216
226	12
226	4
226	14
226	11
226	45
226	91
226	238
227	533
227	509
227	177
227	10
227	91
227	13
227	238
227	4
227	14
228	40
228	2
228	19
228	12
228	10
228	91
228	13
228	34
228	4
228	14
228	22
229	173
229	40
229	124
229	102
229	14
229	7
229	33
229	12
229	22
230	284
230	872
230	241
230	22
230	113
230	10
230	91
230	13
230	4
230	14
230	20
231	355
231	924
231	4
231	14
231	11
231	22
231	4
231	19
231	45
231	91
231	21
232	1316
232	1046
232	256
232	167
232	19
232	616
232	12
232	13
232	21
232	905
233	222
233	101
233	14
233	4
233	7
233	33
233	13
233	12
233	91
233	1102
234	158
234	1208
234	12
234	113
234	22
234	13
234	7
234	33
235	167
235	1317
235	469
235	716
235	1318
235	91
235	1319
235	7
236	1320
236	342
236	17
236	443
236	598
236	2
236	14
236	4
236	12
236	7
236	113
236	13
236	21
237	1321
237	91
237	599
237	20
238	1322
238	163
238	12
238	13
238	725
238	44
238	28
238	25
238	17
239	406
239	4
239	14
239	11
239	10
239	91
239	21
239	20
239	401
239	45
240	25
240	205
240	7
240	14
240	11
240	12
240	13
241	614
241	12
241	13
241	20
241	17
241	44
242	1323
242	263
242	14
242	116
242	12
243	1324
243	1325
243	4
243	14
243	116
243	10
243	33
244	284
244	116
244	14
244	226
245	1086
245	13
245	37
245	419
245	44
245	17
245	882
245	238
246	284
246	1158
246	44
246	25
246	4
246	14
246	91
246	33
246	12
246	113
246	427
246	13
247	1229
247	14
247	116
247	1326
247	91
247	884
247	1042
247	436
248	117
248	19
248	241
248	91
248	116
248	12
248	113
248	22
248	7
248	33
248	4
249	77
249	160
249	25
249	7
249	12
249	10
249	13
249	14
249	11
249	33
249	4
249	268
249	91
249	1327
250	437
250	4
250	14
250	21
250	12
250	85
250	19
250	22
250	13
250	33
251	437
251	4
251	14
251	21
251	12
251	85
251	19
251	22
251	13
251	33
252	44
252	40
252	54
252	12
252	14
252	13
252	91
252	11
252	7
253	645
253	22
253	1243
253	91
253	20
254	114
254	17
254	434
254	4
254	14
254	113
254	12
254	13
255	186
255	17
255	44
255	25
255	20
255	113
255	12
255	91
255	4
255	14
255	1328
255	116
256	77
256	43
256	17
256	19
256	22
256	113
256	10
256	91
256	4
256	20
256	14
257	414
257	473
257	17
257	11
257	12
257	13
257	33
257	22
257	7
258	278
258	160
258	25
258	943
258	14
258	7
258	12
258	13
258	11
259	2
259	17
259	19
259	113
259	12
259	13
259	22
259	150
259	20
259	45
260	1329
260	204
260	91
260	113
260	10
260	4
260	14
261	1329
261	204
261	91
261	113
261	10
261	4
261	14
262	84
262	437
262	16
262	1330
262	19
262	1331
262	12
262	13
262	125
262	401
262	523
262	22
263	1332
263	25
263	44
263	12
263	13
263	91
263	11
263	7
264	147
264	149
264	18
264	598
264	1333
264	1334
264	91
264	20
264	22
264	449
265	206
265	645
265	91
265	20
266	94
266	206
266	91
266	20
267	530
267	366
267	515
267	22
267	14
267	4
267	10
267	91
267	113
267	33
267	21
267	13
267	20
268	284
268	34
268	12
268	4
268	14
268	22
268	113
268	19
268	21
269	333
269	573
269	25
269	160
269	278
269	47
269	10
269	13
269	14
269	12
269	11
269	91
269	241
269	7
270	292
270	160
270	54
270	25
270	19
270	400
270	12
270	116
270	4
270	13
270	14
270	7
270	113
271	679
271	160
271	54
271	94
271	11
271	12
271	13
271	7
271	22
271	1335
272	437
272	468
272	44
272	264
272	19
272	789
272	4
272	91
272	322
272	10
272	113
272	13
272	238
273	437
273	468
273	44
273	264
273	19
273	789
273	4
273	91
273	322
273	10
273	113
273	13
273	238
274	241
274	2
274	44
274	675
274	45
274	12
274	10
274	13
274	91
274	113
275	1336
275	4
275	14
275	103
275	113
275	91
275	10
275	116
275	13
275	322
275	245
276	331
276	25
276	160
276	94
276	91
276	13
276	11
276	10
276	22
276	7
277	44
277	414
277	12
277	91
277	13
277	33
277	22
277	34
278	25
278	44
278	10
278	12
278	91
278	13
278	7
278	33
278	22
279	417
279	94
279	44
279	7
279	10
279	12
279	13
279	91
279	14
279	22
280	220
280	437
280	94
280	22
280	33
280	13
280	20
280	12
280	639
280	427
280	11
281	389
281	113
281	12
281	13
281	55
281	4
281	14
282	44
282	54
282	14
282	10
282	12
282	13
282	33
283	160
283	25
283	54
283	292
283	331
283	241
283	91
283	11
283	10
283	12
283	13
283	7
284	284
284	19
284	103
284	12
284	11
284	21
284	37
284	116
284	163
284	33
284	167
284	4
284	14
284	509
285	332
285	125
285	1335
285	22
285	12
285	10
285	116
285	91
285	7
285	33
285	13
286	1337
286	91
286	1304
286	1237
286	1338
286	205
286	79
286	138
286	1334
286	19
286	322
286	1339
287	292
287	174
287	21
287	13
287	12
287	427
287	22
287	11
287	7
288	1340
288	1046
288	148
288	4
288	12
288	13
288	21
288	238
288	105
289	43
289	10
289	113
289	129
289	91
289	12
289	4
289	13
289	14
289	33
290	1341
290	16
290	437
290	25
290	17
290	523
290	1208
290	12
290	13
290	19
290	21
290	238
290	20
291	1342
291	4
291	14
291	715
291	10
291	12
291	91
291	13
291	1343
291	1062
291	1321
291	581
291	7
292	1342
292	4
292	14
292	715
292	10
292	12
292	91
292	13
292	1343
292	1062
292	1321
292	581
292	7
293	940
293	4
293	14
293	113
293	91
293	56
293	10
293	238
293	245
294	386
294	113
294	10
294	91
294	4
294	14
294	21
294	13
295	1344
295	4
295	14
295	91
295	56
295	113
295	10
295	116
295	13
295	322
296	134
296	181
296	898
296	12
296	11
296	91
296	21
296	1345
296	525
296	509
296	4
296	14
297	114
297	7
297	12
297	10
297	13
297	14
297	113
297	91
297	833
297	4
298	292
298	54
298	44
298	144
298	573
298	125
298	331
298	241
298	139
298	10
298	91
298	116
298	13
298	22
298	7
298	12
299	42
299	36
299	22
299	144
299	14
299	4
299	11
299	157
299	102
299	12
300	241
300	178
300	91
300	45
300	1346
301	314
301	257
301	13
301	12
301	4
302	418
302	449
302	241
302	91
302	20
302	599
303	46
303	437
303	192
303	17
303	25
303	160
303	19
303	12
303	13
303	113
303	14
303	28
303	20
303	22
304	386
304	888
304	70
304	129
304	113
304	268
304	101
304	10
304	13
304	12
304	499
304	91
304	20
304	103
304	4
304	14
305	241
305	91
305	20
305	178
305	1347
306	167
306	2
306	20
306	44
306	264
306	10
306	91
306	13
306	113
306	4
306	14
307	167
307	2
307	20
307	44
307	264
307	10
307	91
307	13
307	113
307	4
307	14
308	291
308	410
308	204
308	1348
308	12
308	13
308	14
308	4
309	158
309	350
309	13
309	12
309	91
309	4
309	14
309	11
309	34
309	33
309	22
310	1349
310	657
310	14
310	102
310	4
310	12
310	21
310	11
310	91
310	13
310	22
310	97
311	266
311	968
311	17
311	285
311	13
311	12
311	238
311	22
311	523
311	1350
312	679
312	410
312	12
312	13
312	7
312	22
313	78
313	437
313	438
313	174
313	576
313	17
313	1208
313	113
313	12
313	13
313	21
313	4
313	7
313	14
314	91
314	7
314	1351
315	32
315	1352
315	1321
315	898
315	91
315	1244
316	315
316	91
316	599
316	20
317	219
317	1353
317	163
317	12
317	13
317	21
317	324
317	36
318	26
318	54
318	151
318	12
318	13
318	14
318	11
318	22
318	7
319	467
319	1154
319	19
319	12
319	13
319	11
319	91
319	33
319	4
319	14
319	7
319	22
320	315
320	241
320	91
320	8
320	7
321	40
321	91
321	641
322	253
322	44
322	25
322	1354
322	4
322	14
322	13
322	10
322	20
322	56
322	33
322	11
323	43
323	19
323	44
323	22
323	91
323	33
323	4
323	13
323	10
323	113
323	12
323	20
324	300
324	102
324	4
324	14
324	268
324	10
324	91
324	12
324	13
324	22
324	21
324	33
324	7
325	134
325	40
325	47
325	44
325	103
325	113
325	10
325	12
325	91
325	13
325	390
325	20
326	12
326	91
326	13
326	10
326	1355
326	268
327	153
327	160
327	7
327	12
327	14
327	13
327	11
327	22
328	400
328	160
328	25
328	12
328	13
328	11
328	14
328	7
329	676
329	12
329	116
329	13
329	20
330	1356
330	10
330	91
330	13
330	4
330	14
330	238
331	385
331	113
331	10
331	13
331	12
331	91
331	33
331	14
331	4
332	254
332	153
332	22
332	7
332	12
332	91
332	11
332	14
332	13
333	35
333	25
333	160
333	26
333	577
333	11
333	12
333	13
333	34
333	22
333	19
334	1357
334	91
334	4
334	12
334	14
334	285
334	160
334	13
334	280
335	1357
335	91
335	4
335	12
335	14
335	285
335	160
335	13
335	280
336	331
336	400
336	12
336	22
336	13
336	7
336	33
336	553
337	1358
337	178
337	91
337	1307
337	1359
337	1360
338	160
338	12
338	91
338	11
338	13
338	14
338	7
339	636
339	149
339	91
339	553
340	152
340	91
340	8
340	599
340	20
341	59
341	17
341	19
341	22
341	4
341	113
341	12
341	13
341	20
342	44
342	47
342	331
342	25
342	160
342	13
342	91
342	12
342	14
342	7
342	33
343	203
343	336
343	213
343	1334
343	439
343	91
343	1361
344	336
344	213
344	149
344	1334
344	303
344	20
344	91
344	657
344	1197
345	43
345	4
345	14
345	55
345	113
345	12
345	13
345	163
346	43
346	4
346	14
346	55
346	113
346	12
346	13
346	163
347	43
347	4
347	12
347	14
347	113
348	145
348	277
348	129
348	12
348	320
348	11
349	262
349	25
349	13
349	12
349	33
349	7
350	520
350	113
350	12
350	4
350	14
350	13
350	21
350	116
351	220
351	12
351	13
351	4
351	14
351	55
351	11
352	25
352	292
352	44
352	26
352	54
352	91
352	427
352	13
352	12
352	7
352	22
352	11
352	33
353	1362
353	2
353	11
353	12
353	91
353	10
353	4
353	14
353	390
353	13
354	955
354	2
354	160
354	268
354	12
354	91
354	13
354	22
354	7
355	1363
355	1364
355	206
355	4
355	14
355	12
355	60
355	113
355	28
356	545
356	86
356	1365
356	396
356	44
356	965
356	113
356	12
356	13
356	104
356	354
356	4
356	116
356	10
356	509
357	389
357	256
357	54
357	4
357	101
357	14
357	113
357	129
357	10
357	33
357	55
357	12
357	20
357	91
357	21
358	315
358	91
358	8
358	22
358	20
358	12
359	395
359	54
359	79
359	1366
359	4
359	14
359	1001
359	13
359	1367
360	146
360	101
360	613
360	383
360	13
360	499
360	102
360	14
360	4
360	419
361	1273
361	676
361	246
361	102
361	12
361	13
361	802
362	77
362	17
362	204
362	207
362	205
362	445
362	1368
362	4
362	14
362	949
363	315
363	241
363	1347
363	22
363	12
363	13
363	7
364	145
364	159
364	160
364	11
364	12
364	13
364	204
364	4
364	14
365	872
365	160
365	14
365	12
365	21
365	13
365	33
365	10
366	159
366	2
366	160
366	11
366	14
366	4
366	12
366	13
367	624
367	160
367	11
367	91
367	12
367	13
367	10
367	21
367	14
367	4
367	34
367	33
368	114
368	160
368	268
368	949
368	12
368	13
368	60
368	14
368	4
369	300
369	160
369	113
369	10
369	91
369	13
369	20
369	33
369	4
369	14
369	21
369	22
370	924
370	25
370	44
370	4
370	14
370	47
370	12
370	10
370	91
370	21
370	33
371	197
371	468
371	388
371	14
371	4
371	101
371	290
371	13
371	12
371	91
371	33
371	21
371	427
372	197
372	86
372	103
372	101
372	4
372	14
372	11
372	10
372	12
372	21
373	197
373	86
373	36
373	4
373	14
373	102
373	11
373	91
373	10
373	12
373	13
373	33
373	101
373	7
374	77
374	1369
374	238
374	91
374	13
374	4
374	14
375	77
375	1369
375	238
375	91
375	13
375	4
375	14
376	924
376	289
376	213
376	11
376	10
376	91
376	13
376	14
376	129
376	7
377	417
377	289
377	213
377	10
377	7
377	91
377	13
377	14
377	11
377	33
377	12
378	511
378	636
378	573
378	55
378	104
378	9
378	318
378	4
378	14
378	13
378	12
378	91
378	10
379	147
379	2
379	264
379	44
379	91
379	10
379	12
379	21
379	1227
380	554
380	91
380	116
380	12
381	614
381	116
381	91
381	10
381	12
381	245
381	14
381	4
381	102
381	22
381	7
382	144
382	174
382	10
382	91
382	22
382	116
382	7
383	761
383	94
383	160
383	25
383	268
383	23
383	91
383	12
383	13
383	22
383	121
383	746
383	7
384	54
384	12
384	91
384	116
384	33
385	273
385	10
385	116
385	91
385	12
385	13
385	22
385	287
385	1370
385	4
385	14
386	19
386	663
386	2
386	32
386	14
386	12
386	91
386	116
386	237
386	11
386	21
386	22
386	33
387	117
387	7
387	12
387	10
387	116
387	4
387	14
387	102
387	22
387	91
387	245
388	467
388	116
388	13
388	4
388	14
388	11
388	91
389	1117
389	129
389	4
389	14
389	434
389	91
389	13
389	113
389	58
389	20
389	10
390	173
390	55
390	434
390	11
390	129
390	12
390	4
390	91
390	14
390	13
391	611
391	38
391	328
391	155
391	384
391	1111
391	17
391	264
391	44
391	1170
391	434
391	4
391	14
391	113
391	12
391	245
392	611
392	38
392	328
392	155
392	384
392	1111
392	17
392	264
392	44
392	1170
392	434
392	4
392	14
392	113
392	12
392	245
393	554
393	147
393	968
393	25
393	1335
393	1347
393	13
393	91
393	12
393	11
393	10
393	33
393	7
394	332
394	19
394	213
394	383
394	10
394	91
394	33
394	116
394	13
394	7
395	300
395	10
395	11
395	91
395	13
395	12
395	128
395	22
396	331
396	10
396	91
396	12
396	129
396	14
396	11
396	7
396	13
397	53
397	660
397	25
397	44
397	241
397	12
397	13
397	91
397	14
397	7
397	168
397	33
398	331
398	278
398	508
398	160
398	25
398	12
398	91
398	13
398	10
398	22
398	11
398	14
398	7
398	33
399	332
399	144
399	101
399	400
399	14
399	4
399	22
399	142
399	104
399	12
399	11
399	10
399	91
399	116
399	13
399	7
400	146
400	253
400	47
400	19
400	4
400	14
400	11
400	91
400	12
400	746
400	13
400	620
400	22
400	34
401	840
401	841
401	125
401	345
401	19
401	12
401	21
401	22
401	11
401	33
402	840
402	841
402	125
402	345
402	19
402	21
402	22
402	11
402	12
402	33
403	2
403	125
403	34
403	12
403	10
403	116
403	13
403	4
403	14
403	11
403	22
403	91
403	19
404	123
404	125
404	12
404	10
404	11
404	13
404	91
404	116
404	4
404	14
404	22
404	19
405	1371
405	103
405	91
405	22
405	10
405	14
405	33
405	21
405	85
405	12
406	134
406	34
406	4
406	14
406	949
406	91
407	134
407	103
407	91
407	22
407	10
407	14
407	33
407	21
407	85
407	12
408	1372
408	14
408	324
408	11
408	10
408	91
408	22
408	1270
409	117
409	144
409	7
409	4
409	14
409	11
409	13
409	12
409	10
409	160
409	91
409	21
409	33
410	355
410	924
410	266
410	12
410	10
410	13
410	4
410	33
410	91
410	105
410	21
411	463
411	20
411	10
411	280
411	91
411	13
411	163
411	21
411	401
411	4
411	14
411	55
411	22
411	4
411	14
412	1373
412	44
412	25
412	801
412	412
412	144
412	14
412	33
412	10
412	85
412	91
412	21
412	13
413	1373
413	44
413	25
413	801
413	412
413	144
413	14
413	33
413	10
413	85
413	91
413	21
413	13
414	1373
414	44
414	25
414	801
414	412
414	144
414	14
414	33
414	10
414	85
414	91
414	21
414	13
415	1373
415	44
415	25
415	801
415	412
415	144
415	14
415	33
415	10
415	85
415	91
415	21
415	13
416	44
416	144
416	34
416	12
416	10
416	116
416	13
416	4
416	14
416	11
416	22
416	91
417	134
417	22
417	91
417	10
417	4
417	116
417	33
418	417
418	12
418	10
418	4
418	14
418	11
418	91
418	128
419	114
419	103
419	22
419	44
419	91
419	113
419	4
419	13
419	14
419	20
419	33
419	10
420	117
420	43
420	26
420	44
420	12
420	10
420	13
420	4
420	14
420	102
420	11
420	33
420	22
421	1374
421	10
421	91
421	11
421	4
421	14
422	284
422	22
422	20
422	10
422	116
422	12
422	11
422	14
423	43
423	79
423	101
423	1375
423	91
423	113
423	268
423	12
423	121
423	13
424	956
424	43
424	17
424	157
424	113
424	12
424	13
424	22
424	28
424	20
425	94
425	25
425	44
425	54
425	14
425	13
425	12
425	22
425	11
425	7
425	33
426	43
426	91
426	13
426	10
426	12
426	4
426	14
426	33
427	43
427	91
427	13
427	10
427	12
427	4
427	14
427	33
428	43
428	4
428	14
428	113
428	1225
428	12
428	55
429	26
429	47
429	13
429	12
429	11
429	14
429	7
430	1282
430	1376
430	1209
430	396
430	965
430	12
430	91
430	13
430	19
430	33
431	1282
431	1376
431	1209
431	396
431	965
431	12
431	91
431	13
431	19
431	33
432	214
432	437
432	1251
432	44
432	12
432	91
432	13
432	20
432	1377
432	36
432	21
433	937
433	213
433	7
433	91
433	1378
434	1295
434	1214
434	437
434	174
434	25
434	1379
434	4
434	14
434	19
434	12
434	21
434	22
434	128
434	204
435	1380
435	187
435	17
435	12
435	264
435	91
435	44
435	1212
435	20
435	4
435	116
435	14
435	280
435	91
435	20
436	1380
436	187
436	20
436	4
436	116
436	14
436	280
436	17
436	12
436	264
436	44
436	1212
436	91
436	20
437	1380
437	187
437	20
437	4
437	116
437	14
437	280
437	17
437	12
437	264
437	44
437	1212
437	91
437	20
438	25
438	26
438	968
438	204
438	965
438	1021
438	1381
438	439
438	1382
438	54
438	839
438	158
438	205
438	577
438	44
438	602
438	412
438	143
438	34
438	1030
438	12
438	13
438	33
439	25
439	26
439	968
439	204
439	965
439	1021
439	1381
439	439
439	1382
439	54
439	839
439	158
439	205
439	577
439	44
439	602
439	412
439	143
439	34
439	1030
439	12
439	13
439	33
440	1208
440	440
440	144
440	417
440	26
440	44
440	25
440	660
440	621
440	679
440	54
440	22
440	113
440	7
440	10
440	14
440	91
440	13
440	33
441	1208
441	25
441	44
441	417
441	660
441	621
441	679
441	26
441	54
441	144
441	11
441	22
441	7
441	14
441	91
441	13
441	33
442	62
442	763
442	79
442	12
442	13
442	4
442	14
443	336
443	62
443	5
443	91
443	172
443	12
443	4
443	14
444	1383
444	193
444	255
444	12
444	13
444	318
445	43
445	4
445	113
445	12
445	129
445	91
445	434
445	14
446	241
446	53
446	91
446	20
446	12
447	515
447	4
447	33
447	12
447	13
447	55
448	332
448	125
448	44
448	13
448	12
448	11
448	14
448	22
448	7
449	134
449	34
449	12
449	14
449	102
449	11
449	22
449	949
449	4
449	21
449	91
450	222
450	281
450	37
450	14
450	318
450	22
450	237
450	1384
451	253
451	573
451	53
451	172
451	13
451	7
452	2
452	160
452	25
452	10
452	12
452	13
452	20
452	22
452	45
453	253
453	266
453	17
453	22
453	113
453	13
453	12
453	20
454	723
454	2
454	103
454	10
454	12
454	13
454	20
455	1385
455	467
455	120
455	54
455	14
455	22
455	12
455	33
456	166
456	636
456	315
456	20
456	12
456	13
456	14
456	33
456	21
457	303
457	91
457	8
457	20
458	43
458	498
458	48
458	464
458	12
458	11
458	22
458	509
458	14
458	4
458	128
459	43
459	1386
459	147
459	17
459	43
459	219
459	350
459	25
459	148
459	19
459	22
459	91
459	7
459	13
459	21
459	113
459	4
459	33
459	12
460	47
460	26
460	44
460	573
460	1335
460	1347
460	12
460	13
460	11
460	91
460	7
460	14
461	19
461	150
461	241
461	91
461	1387
461	13
461	12
461	45
462	1388
462	17
462	25
462	701
462	14
462	11
462	4
462	12
462	13
462	91
462	21
463	186
463	160
463	437
463	25
463	18
463	959
463	1389
463	113
463	22
463	12
463	4
463	14
463	23
463	91
463	116
463	55
463	7
464	159
464	114
464	44
464	25
464	103
464	113
464	13
464	20
464	12
465	332
465	160
465	208
465	91
465	13
465	22
465	33
465	12
465	7
466	208
466	53
466	12
466	4
466	14
466	129
466	11
466	22
466	91
466	544
466	45
467	216
467	102
467	95
467	4
467	982
467	209
467	10
467	91
467	33
468	331
468	761
468	19
468	4
468	12
468	13
468	11
468	383
468	45
469	208
469	331
469	2
469	11
469	13
469	12
469	4
469	14
469	36
469	45
469	499
469	116
470	196
470	14
470	4
470	91
470	447
470	13
470	163
471	166
471	1354
471	33
471	12
471	91
471	13
471	10
471	20
471	116
471	237
471	113
472	700
472	166
472	11
472	12
472	13
472	4
472	14
473	145
473	700
473	17
473	44
473	400
473	14
473	113
473	12
473	13
473	20
473	4
474	700
474	331
474	2
474	19
474	34
474	12
474	22
474	4
474	14
475	43
475	700
475	14
475	4
475	11
475	10
475	91
475	12
475	13
475	838
475	33
475	22
476	1323
476	19
476	13
476	12
476	113
476	4
476	14
476	21
477	753
477	178
477	40
477	47
477	4
477	36
477	12
477	91
477	320
477	22
478	147
478	336
478	418
478	20
478	91
478	449
479	418
479	315
479	91
479	8
479	20
480	1390
480	418
480	12
480	13
480	33
481	418
481	241
481	91
481	8
482	247
482	10
482	91
482	13
482	12
482	33
482	142
483	292
483	174
483	26
483	1335
483	12
483	13
483	14
483	418
483	383
483	237
483	7
484	81
484	26
484	33
484	12
484	13
484	22
485	36
485	763
485	102
485	12
485	13
485	22
485	33
485	7
486	315
486	91
486	599
486	20
487	332
487	315
487	14
487	101
487	12
487	10
487	91
487	116
487	290
487	13
487	22
487	7
488	241
488	577
488	12
488	20
488	91
489	315
489	91
489	8
489	20
489	1391
490	796
490	315
490	36
490	22
490	101
490	13
490	91
490	33
490	7
490	383
491	379
491	1392
491	1393
491	523
491	12
491	13
491	10
491	1525
491	4
492	379
492	1392
492	1393
492	523
492	12
492	13
492	10
492	1525
492	4
493	167
493	91
493	177
493	671
493	19
493	1247
493	12
493	1394
493	1361
494	91
494	1361
494	1395
494	1396
495	940
495	691
495	14
495	13
495	1397
495	12
495	22
495	163
495	20
496	940
496	691
496	14
496	13
496	1397
496	12
496	22
496	163
496	20
497	557
497	1177
497	11
497	13
497	12
497	91
497	22
497	14
497	4
497	7
497	33
498	7
498	12
498	10
498	13
498	14
498	949
498	91
498	226
499	810
499	949
499	91
499	13
499	12
499	28
499	14
499	101
499	4
499	36
500	42
500	1398
500	102
500	12
500	13
500	21
500	1013
500	125
501	181
501	1399
501	20
501	12
501	13
501	238
502	332
502	181
502	44
502	14
502	10
502	91
502	12
502	22
502	13
502	7
502	11
503	26
503	1400
503	181
503	103
503	13
503	12
503	91
503	22
503	33
504	192
504	1347
504	646
504	241
504	4
504	33
504	113
504	7
504	12
504	21
505	192
505	25
505	241
505	1347
505	113
505	12
505	4
505	21
505	7
505	33
506	139
506	331
506	412
506	10
506	91
506	116
506	167
506	22
506	33
506	14
506	4
506	36
506	509
507	222
507	237
507	280
507	22
507	10
507	4
507	14
507	91
507	935
507	21
507	7
507	113
507	13
508	81
508	924
508	12
508	7
508	91
508	13
508	11
508	22
508	237
508	33
509	86
509	174
509	54
509	241
509	237
509	13
509	91
509	22
509	7
510	739
510	1401
510	19
510	12
510	13
510	280
510	22
510	21
510	14
510	20
511	241
511	888
511	25
511	160
511	34
511	12
511	13
511	11
511	22
511	91
511	116
511	1335
512	44
512	54
512	1209
512	12
512	13
512	7
512	22
513	1402
513	1209
513	44
513	19
513	4
513	14
513	113
513	91
513	172
513	12
513	13
513	322
513	238
513	245
514	241
514	2
514	1209
514	113
514	12
514	91
514	33
514	13
514	20
515	146
515	292
515	256
515	113
515	12
515	91
515	13
515	22
515	4
515	14
515	237
515	257
515	33
515	20
515	1525
515	4
516	181
516	685
516	12
516	13
516	1001
516	10
516	21
516	116
516	33
517	25
517	174
517	10
517	14
517	12
517	91
517	11
517	22
517	7
517	13
518	1403
518	36
518	102
518	4
518	509
518	12
518	13
518	324
518	33
519	40
519	157
519	26
519	17
519	16
519	2
519	19
519	113
519	12
519	13
519	22
519	20
520	937
520	1404
520	19
520	1387
520	113
520	12
520	13
520	7
521	409
521	14
521	4
521	1151
521	264
521	44
521	17
521	40
521	19
521	281
521	36
521	1405
521	33
521	12
521	21
521	10
521	11
522	409
522	14
522	4
522	1151
522	264
522	44
522	17
522	40
522	19
522	281
522	36
522	1405
522	33
522	12
522	21
522	10
522	11
523	40
523	1406
523	7
523	10
523	13
523	91
523	14
523	11
523	22
524	2
524	19
524	153
524	91
524	12
524	11
524	4
524	14
524	22
525	40
525	144
525	153
525	10
525	13
525	91
525	11
525	22
525	241
525	12
525	14
525	33
525	7
526	51
526	53
526	44
526	12
526	13
526	113
526	4
526	14
526	7
527	467
527	1407
527	19
527	12
527	13
527	167
527	21
527	11
528	1408
528	1407
528	19
528	12
528	13
528	167
528	21
528	11
529	679
529	54
529	157
529	241
529	22
529	11
529	12
529	13
529	45
529	19
530	614
530	79
530	11
530	12
530	91
530	13
530	22
530	4
530	14
530	7
531	241
531	20
531	79
531	17
531	19
531	91
531	12
531	4
531	33
531	418
531	13
532	114
532	79
532	22
532	13
532	116
532	4
532	21
532	14
532	113
532	33
532	10
532	20
532	91
533	849
533	4
533	14
533	13
533	12
533	91
533	33
534	171
534	33
534	4
534	55
534	12
534	13
535	409
535	12
535	13
535	14
535	44
535	4
535	113
536	134
536	4
536	14
536	113
536	7
536	12
536	21
536	13
536	10
537	216
537	101
537	4
537	14
537	12
537	37
537	11
537	91
537	163
537	133
537	509
538	1409
538	10
538	91
538	102
538	33
538	142
538	13
539	1275
539	102
539	10
539	521
539	116
539	133
539	13
539	91
539	238
540	1410
540	102
540	10
540	133
540	12
540	827
540	226
540	13
541	156
541	399
541	21
541	12
541	13
541	45
542	428
542	102
542	4
542	13
542	12
542	91
542	33
543	12
543	102
544	166
544	102
544	213
544	7
544	12
544	13
544	1327
544	215
544	91
544	209
545	134
545	40
545	102
545	4
545	45
545	13
545	12
545	91
545	33
545	21
545	22
546	147
546	336
546	91
546	1361
547	342
547	34
547	499
547	1411
547	91
547	12
547	10
547	22
548	1412
548	711
548	17
548	12
548	13
548	280
548	14
548	4
548	523
549	145
549	711
549	17
549	12
549	13
549	280
549	14
549	4
549	523
550	437
550	16
550	113
550	12
550	13
550	22
550	116
550	20
551	1413
551	1414
551	4
551	280
551	10
551	91
551	13
551	1415
551	502
552	44
552	943
552	13
552	11
552	10
552	12
552	7
552	22
553	1413
553	1416
553	20
553	4
553	11
553	10
553	91
553	1417
553	128
554	43
554	12
554	13
554	14
554	55
554	770
554	113
554	4
555	148
555	4
555	10
555	91
555	113
555	13
555	45
556	160
556	437
556	17
556	12
556	13
556	11
556	91
556	33
556	7
556	10
557	241
557	2
557	437
557	10
557	113
557	13
557	91
557	33
557	4
557	14
557	20
558	1163
558	1411
558	12
558	91
558	22
559	25
559	26
559	44
559	924
559	10
559	14
559	11
559	13
559	12
559	22
559	33
559	7
560	44
560	318
560	12
560	91
560	10
560	33
560	37
560	509
561	1400
561	736
561	12
561	13
561	45
562	186
562	19
562	241
562	113
562	12
562	20
562	177
562	23
562	21
562	36
563	1246
563	91
563	177
563	19
563	1418
564	431
564	763
564	44
564	400
564	12
564	13
564	4
564	14
564	113
565	206
565	1334
565	91
565	22
566	300
566	1334
566	1419
566	593
566	4
566	14
566	116
567	1420
567	14
567	10
567	91
567	4
567	33
567	7
567	113
567	12
568	167
568	177
568	12
568	19
568	91
569	167
569	20
569	91
569	418
569	717
570	167
570	20
570	91
570	418
570	717
571	1421
571	1006
571	1422
571	19
571	23
571	12
571	13
571	21
572	241
572	2
572	1158
572	1423
572	168
572	113
572	12
572	91
572	10
572	13
572	4
572	14
572	21
573	1229
573	787
573	163
573	4
573	14
573	21
574	1229
574	787
574	163
574	4
574	14
574	21
575	1006
575	1424
575	163
575	1222
575	13
575	14
575	1525
575	4
576	1006
576	40
576	12
576	91
576	13
576	113
576	4
576	14
576	21
576	116
576	22
576	20
577	773
577	1006
577	4
577	14
577	21
577	113
577	10
577	12
577	13
577	322
578	1425
578	1426
578	1298
578	523
578	1427
578	12
578	13
578	397
578	36
578	1525
578	4
579	379
579	1158
579	14
579	4
579	172
579	113
579	322
579	13
579	1428
579	28
580	379
580	1158
580	14
580	4
580	172
580	113
580	322
580	13
580	28
581	292
581	1158
581	12
581	4
581	37
581	509
582	40
582	1429
582	1360
582	12
582	397
583	1158
583	19
583	53
583	113
583	12
583	13
583	20
583	22
584	173
584	636
584	102
584	10
584	13
584	12
584	91
584	33
584	7
585	173
585	22
585	213
585	19
585	12
585	113
585	129
585	4
585	55
585	383
585	14
585	7
586	222
586	19
586	241
586	1347
586	22
586	113
586	10
586	91
586	4
586	12
586	14
586	13
586	129
586	55
586	7
586	383
587	1404
587	43
587	17
587	12
587	13
587	20
588	1404
588	160
588	25
588	53
588	26
588	32
588	33
588	7
588	12
588	14
588	11
588	13
589	1430
589	336
589	147
589	19
589	303
589	91
589	20
590	206
590	1431
590	91
590	121
591	213
591	336
591	645
591	91
591	449
591	390
592	1177
592	596
592	91
592	20
593	300
593	104
593	663
593	12
593	13
593	21
593	22
593	14
593	4
593	33
593	7
593	11
594	723
594	241
594	91
594	599
595	530
595	125
595	101
595	4
595	14
595	10
595	13
595	91
595	33
595	21
596	332
596	44
596	25
596	160
596	440
596	22
596	91
596	12
596	33
596	10
596	14
596	13
596	11
596	7
597	51
597	271
597	12
597	10
597	13
597	1188
597	20
597	113
597	91
598	154
598	2
598	499
598	11
598	13
598	91
598	10
598	4
598	14
598	34
598	12
599	467
599	36
599	17
599	20
599	13
599	12
599	91
599	33
599	21
600	147
600	1075
600	17
600	12
600	10
600	13
601	43
601	131
601	8
601	13
601	113
601	347
601	7
601	12
601	833
601	70
601	623
602	302
602	94
602	290
602	91
602	1197
603	1432
603	85
603	14
603	4
603	12
603	1328
603	91
603	116
604	438
604	19
604	241
604	958
604	91
604	20
605	53
605	19
605	167
605	12
605	37
605	287
605	237
605	509
606	331
606	292
606	21
606	12
606	1335
606	14
606	7
606	22
606	13
607	26
607	1347
607	1335
607	22
607	12
607	13
607	383
607	237
607	33
607	7
608	389
608	54
608	256
608	521
608	167
608	19
608	113
608	1433
608	13
608	642
609	2
609	292
609	19
609	507
609	148
609	22
609	576
609	256
609	91
609	13
609	4
609	21
609	418
609	7
609	639
609	427
609	11
609	746
609	12
609	237
610	303
610	14
610	91
610	7
610	5
610	553
611	1434
611	10
611	12
611	4
611	14
611	928
611	1435
611	347
611	890
611	698
611	313
612	1434
612	10
612	12
612	4
612	14
612	928
612	1435
612	347
612	890
612	698
612	313
613	1436
613	44
613	163
613	91
613	4
613	14
613	125
614	1436
614	44
614	163
614	91
614	4
614	14
614	125
615	145
615	12
615	60
615	14
615	129
615	11
615	4
615	1437
616	40
616	91
616	641
617	284
617	437
617	19
617	558
617	25
617	1330
617	20
617	14
617	4
617	21
617	157
617	12
617	13
618	43
618	113
618	4
618	14
618	12
618	434
618	129
619	186
619	675
619	4
619	14
619	10
619	280
619	324
619	91
619	22
620	1438
620	1439
620	1440
620	1441
620	113
620	19
620	12
620	13
620	91
620	21
621	218
621	847
621	12
621	13
621	33
621	427
621	7
621	1525
621	4
622	321
622	125
622	439
622	1018
622	12
622	13
622	91
622	21
622	19
622	113
622	4
622	14
623	437
623	1442
623	125
623	125
623	345
623	1443
623	128
623	12
623	13
623	281
624	1296
624	22
624	237
624	91
624	7
624	13
624	12
624	11
625	1444
625	807
625	17
625	26
625	11
625	13
625	12
625	34
625	33
626	49
626	17
626	44
626	400
626	14
626	113
626	12
626	13
626	4
627	145
627	1151
627	324
627	13
627	12
627	320
628	40
628	44
628	292
628	54
628	25
628	47
628	10
628	91
628	13
628	21
628	33
628	22
628	7
628	12
629	19
629	17
629	254
629	156
629	25
629	148
629	573
629	13
629	113
629	20
629	12
629	116
630	794
630	203
630	81
630	54
630	12
630	37
630	91
630	22
631	1163
631	19
631	4
631	13
631	12
631	91
631	33
631	21
632	25
632	103
632	1445
632	470
632	437
632	2
632	19
632	509
632	12
632	4
632	14
632	37
632	33
632	11
632	21
632	287
633	700
633	795
633	4
633	13
633	12
633	91
633	33
633	21
634	511
634	10
634	116
634	91
634	13
634	4
634	7
634	11
635	467
635	19
635	11
635	12
635	10
635	91
635	4
635	14
635	102
635	22
636	1446
636	25
636	125
636	412
636	1447
636	515
636	12
636	983
636	21
637	473
637	16
637	17
637	219
637	54
637	12
637	91
637	13
637	268
637	22
637	7
637	4
637	14
638	571
638	679
638	19
638	32
638	1264
638	302
638	113
638	12
638	13
638	4
638	14
638	22
638	20
638	116
639	77
639	557
639	4
639	14
639	113
639	7
639	91
639	13
639	22
639	12
640	278
640	277
640	101
640	55
640	14
640	4
640	11
640	10
640	13
640	91
640	12
640	33
640	142
640	7
641	44
641	414
641	12
641	13
641	11
641	33
641	22
641	7
642	44
642	993
642	91
642	12
642	322
642	238
642	245
643	1448
643	1449
643	44
643	101
643	12
643	13
643	128
643	105
643	85
643	21
643	4
643	14
644	577
644	19
644	1025
644	34
644	12
644	13
644	22
645	160
645	414
645	12
645	91
645	13
645	7
645	33
645	22
646	1025
646	19
646	13
646	34
647	924
647	125
647	144
647	508
647	14
647	10
647	13
647	91
647	22
647	33
647	7
648	1450
648	44
648	54
648	1451
648	102
648	12
648	91
648	33
648	22
649	114
649	103
649	44
649	22
649	33
649	13
649	113
649	4
649	10
649	14
649	91
649	20
650	114
650	44
650	25
650	20
650	22
650	10
650	12
650	91
650	434
650	4
650	14
650	33
650	113
651	114
651	20
651	4
651	14
651	280
651	91
651	401
652	1452
652	103
652	4
652	14
652	280
652	10
652	91
652	13
652	324
652	22
652	401
652	20
653	1452
653	103
653	4
653	14
653	280
653	10
653	91
653	13
653	324
653	22
653	401
653	20
654	1229
654	167
654	872
654	4
654	14
654	102
654	12
654	37
654	11
654	10
654	116
654	91
655	557
655	11
655	13
655	12
655	14
655	4
655	7
655	22
655	241
656	192
656	1347
656	241
656	4
656	14
656	12
656	113
656	21
656	13
656	7
656	20
657	332
657	314
657	1399
657	166
657	12
657	13
657	113
657	91
657	20
657	4
657	14
657	7
658	16
658	2
658	19
658	299
658	12
658	22
658	20
658	4
658	427
658	11
658	13
659	1453
659	285
659	280
659	4
659	14
659	10
659	91
659	12
660	701
660	19
660	12
660	13
660	523
660	22
661	548
661	81
661	11
661	10
661	12
661	60
661	4
661	14
661	129
662	43
662	2
662	1209
662	241
662	19
662	4
662	14
662	11
662	12
662	13
662	7
663	173
663	278
663	387
663	125
663	102
663	4
663	11
663	22
663	7
664	1268
664	278
664	160
664	54
664	12
664	13
664	91
664	33
664	7
665	160
665	474
665	12
665	13
665	22
665	7
665	33
666	16
666	153
666	32
666	1454
666	12
666	37
666	22
666	4
666	14
666	19
667	253
667	13
667	113
667	434
667	290
667	7
667	12
667	91
668	110
668	54
668	181
668	36
668	256
668	213
668	102
668	1062
668	10
668	91
668	45
668	12
669	1455
669	1456
669	256
669	12
669	85
669	320
669	91
669	1457
669	316
669	128
669	22
669	672
670	614
670	268
670	434
670	4
670	14
670	34
671	614
671	32
671	4
671	14
671	13
671	12
671	91
671	23
671	33
671	427
671	21
671	22
672	1363
672	25
672	160
672	4
672	14
672	13
672	12
672	91
672	10
672	318
672	11
672	22
673	25
673	621
673	13
673	91
673	10
673	22
673	33
673	12
673	7
674	924
674	25
674	160
674	47
674	10
674	91
674	13
674	11
674	22
674	7
674	12
675	36
675	278
675	12
675	13
675	33
676	140
676	178
676	470
676	91
676	1243
677	437
677	46
677	140
677	19
677	576
677	7
677	12
677	13
677	11
677	1062
678	396
678	12
678	21
678	11
678	10
678	14
678	22
678	102
678	283
679	24
679	1335
679	1347
679	12
679	13
679	7
680	554
680	378
680	437
680	19
680	22
680	11
680	13
680	12
680	23
680	34
681	40
681	157
681	331
681	25
681	160
681	241
681	10
681	13
681	91
681	7
681	14
681	12
682	477
682	14
682	4
682	12
682	55
682	11
682	33
682	444
683	43
683	4
683	14
683	7
683	12
683	13
683	33
683	129
684	241
684	19
684	91
684	20
684	168
685	241
685	19
685	91
685	20
685	1347
686	173
686	174
686	410
686	19
686	13
686	12
686	91
686	11
686	22
686	33
686	14
686	21
686	7
687	91
687	22
687	1361
688	1273
688	1458
688	266
688	18
688	12
688	13
688	419
688	1042
689	145
689	143
689	103
689	280
689	12
689	10
689	13
689	104
689	22
689	55
689	502
689	562
690	511
690	1399
690	400
690	22
690	12
690	113
690	13
690	10
690	4
691	114
691	810
691	241
691	19
691	7
691	20
691	113
691	14
691	12
691	13
691	116
691	91
691	22
692	379
692	37
692	13
692	91
692	22
692	28
692	523
693	332
693	160
693	25
693	54
693	26
693	9
693	102
693	14
693	4
693	45
693	11
693	91
693	116
693	12
693	13
693	10
693	104
693	22
693	142
694	266
694	25
694	9
694	14
694	12
694	91
694	104
694	11
694	7
694	22
694	116
694	13
695	437
695	468
695	144
695	160
695	4
695	14
695	9
695	11
695	91
695	116
695	12
695	13
695	10
695	22
695	19
695	104
695	142
695	299
695	7
696	16
696	44
696	144
696	19
696	4
696	427
696	102
696	9
696	11
696	91
696	116
696	12
696	13
696	10
696	299
696	104
696	142
696	22
696	34
697	467
697	44
697	22
697	16
697	17
697	12
697	4
697	14
697	20
698	178
698	91
698	1246
698	19
698	1459
699	155
699	206
699	204
699	14
699	4
699	7
699	13
699	91
699	22
699	33
699	12
700	16
700	206
700	19
700	4
700	12
700	11
700	13
700	22
700	299
700	34
701	1460
701	355
701	18
701	646
701	882
701	12
701	4
701	33
701	344
702	213
702	2
702	12
702	91
702	13
702	33
702	45
703	22
703	624
703	437
703	160
703	2
703	19
703	12
703	91
703	13
703	113
703	20
703	33
703	689
704	26
704	104
704	12
704	13
704	14
704	11
704	7
704	22
705	725
705	437
705	280
705	22
705	12
705	13
705	21
705	238
705	45
706	281
706	158
706	14
706	95
706	286
706	4
706	1461
706	10
706	226
706	22
706	33
707	300
707	173
707	102
707	4
707	14
707	268
707	10
707	91
707	12
707	13
707	33
707	7
708	1462
708	1463
708	12
708	13
708	19
709	241
709	2
709	53
709	19
709	43
709	160
709	22
709	45
709	12
709	33
709	113
710	43
710	14
710	281
710	12
710	13
710	21
710	22
710	1464
711	328
711	173
711	22
711	13
711	4
711	113
711	10
711	390
711	91
711	20
712	43
712	173
712	328
712	22
712	13
712	4
712	390
712	113
712	33
712	10
712	91
712	20
713	1438
713	292
713	54
713	1465
713	1466
713	1467
713	19
713	12
713	13
713	1042
714	25
714	16
714	507
714	22
714	113
714	12
714	20
714	28
715	77
715	43
715	17
715	949
715	12
715	13
715	14
715	4
716	86
716	44
716	241
716	12
716	13
716	11
716	22
716	7
717	16
717	428
717	54
717	157
717	19
717	13
717	12
717	91
717	34
717	23
717	22
718	254
718	160
718	153
718	12
718	91
718	13
718	11
718	14
718	7
719	241
719	281
719	19
719	12
719	4
719	5
719	7
720	43
720	14
720	4
720	102
720	953
720	91
720	12
720	129
720	1468
721	43
721	14
721	4
721	102
721	953
721	12
721	129
721	1468
722	43
722	22
722	44
722	12
722	4
722	13
722	113
722	10
722	20
722	91
723	284
723	253
723	437
723	25
723	17
723	19
723	12
723	113
723	4
723	14
723	116
724	147
724	175
724	91
724	1361
724	1197
725	1469
725	509
725	177
725	4
725	14
725	13
725	21
725	91
725	113
726	1004
726	1470
726	177
726	292
726	12
726	13
726	642
726	821
727	1004
727	1470
727	177
727	292
727	12
727	13
727	642
727	821
728	437
728	955
728	40
728	102
728	14
728	101
728	4
728	13
728	12
728	91
728	142
728	33
728	55
728	22
729	418
729	91
729	20
729	241
729	45
730	44
730	247
730	13
730	11
730	91
730	12
730	142
730	33
730	7
731	44
731	247
731	13
731	11
731	91
731	12
731	142
731	33
731	7
732	155
732	125
732	113
732	12
732	91
732	142
732	102
732	55
732	4
732	14
732	13
733	155
733	125
733	113
733	12
733	91
733	142
733	102
733	55
733	4
733	14
733	13
734	86
734	13
734	14
734	33
734	12
734	247
734	91
735	15
735	1471
735	163
735	13
735	12
735	91
735	238
736	331
736	253
736	144
736	938
736	44
736	22
736	91
736	12
736	13
736	113
736	553
736	10
736	390
737	300
737	160
737	11
737	13
737	12
737	10
737	21
737	91
737	14
737	4
737	102
737	7
737	33
737	22
738	533
738	18
738	22
738	91
738	12
738	11
738	37
738	4
738	116
739	16
739	86
739	18
739	19
739	12
739	10
739	116
739	13
739	33
739	22
739	34
740	500
740	316
740	256
740	101
740	181
740	10
740	85
740	91
740	237
740	821
740	105
741	500
741	316
741	256
741	101
741	181
741	10
741	85
741	91
741	237
741	821
741	105
742	40
742	437
742	219
742	22
742	17
742	25
742	94
742	12
742	13
742	28
742	113
743	1472
743	17
743	44
743	264
743	113
743	12
743	13
743	163