0	1473
0	101
0	157
0	25
0	11
0	4
0	14
0	21
0	13
1	742
1	700
1	78
1	440
1	25
1	160
1	1474
1	767
1	128
1	1058
1	102
1	10
1	106
1	12
2	924
2	2
2	219
2	17
2	25
2	148
2	44
2	16
2	278
2	4
2	14
2	12
2	91
2	22
2	20
3	159
3	44
3	4
3	60
3	14
3	113
4	2
4	4
4	14
4	116
4	10
4	91
4	13
4	113
4	33
4	58
5	1475
5	12
5	11
5	55
5	4
5	14
6	43
6	155
6	17
6	12
6	60
6	14
6	4
7	342
7	10
7	486
7	102
7	14
7	95
7	318
7	91
7	106
8	19
8	13
8	106
8	116
8	10
8	12
8	1045
9	398
9	19
9	22
9	4
9	113
9	12
9	383
9	5
9	33
10	1476
10	203
10	521
10	464
10	1477
10	12
10	37
10	33
10	696
10	1478
11	328
11	12
11	91
11	888
11	129
11	11
11	13
11	889
12	291
12	7
12	12
12	102
12	318
12	22
12	1479
12	697
12	21
13	91
13	1480
13	178
13	1097
13	12
13	316
13	19
13	626
13	1481
14	1482
14	898
14	12
14	21
14	1234
14	167
14	177
14	14
14	4
15	134
15	898
15	19
15	181
15	125
15	12
15	21
15	1234
15	167
15	177
15	14
15	4
16	43
16	12
16	268
16	13
16	14
16	55
16	4
17	468
17	43
17	26
17	17
17	113
17	12
17	19
18	1483
18	292
18	4
18	14
18	91
18	113
18	257
18	21
18	12
18	20
19	153
19	16
19	164
19	17
19	12
19	33
19	128
20	102
20	325
20	36
20	1055
20	1484
20	266
20	1485
21	467
21	1486
21	432
21	115
21	4
21	14
21	37
21	91
21	11
21	10
21	116
21	21
21	22
21	33
21	102
21	12
22	437
22	19
22	12
22	1487
22	280
22	13
22	287
22	116
22	163
23	1488
23	688
23	4
23	14
23	320
23	523
23	36
24	1489
24	256
24	1180
24	316
24	12
24	320
24	1490
25	106
25	91
25	121
25	12
25	14
26	146
26	40
26	189
26	36
26	4
26	14
26	102
26	12
26	37
26	11
26	10
26	91
26	104
26	22
26	33
27	284
27	10
27	1491
27	14
27	12
27	102
27	60
27	1492
27	55
28	84
28	102
28	14
28	4
28	22
28	104
28	237
28	1212
28	106
28	91
28	116
28	33
28	128
29	317
29	1493
29	25
29	1494
29	12
29	37
29	33
29	101
29	1495
29	4
29	14
29	102
30	1496
30	264
30	17
30	44
30	14
30	4
30	55
30	12
30	13
30	113
30	444
31	40
31	1497
31	219
31	1498
31	14
31	4
31	37
31	12
31	11
32	47
32	357
32	20
32	12
32	33
32	4
32	14
32	128
32	37
33	1499
33	44
33	25
33	17
33	128
33	37
33	12
33	11
34	438
34	1500
34	19
34	1501
34	1334
34	22
34	1237
34	1502
34	33
34	91
34	1197
35	1503
35	285
35	4
35	91
35	10
35	14
35	12
35	20
36	602
36	14
36	157
36	315
36	101
36	10
36	91
36	983
36	116
36	12
36	22
37	1504
37	44
37	25
37	1505
37	36
37	128
37	102
37	12
37	325
37	10
37	21
37	91
37	105
37	33
38	44
38	12
38	91
38	13
38	33
39	700
39	418
39	91
39	20
40	291
40	19
40	687
40	958
40	12
40	91
40	113
40	449
40	20
41	186
41	1475
41	173
41	19
41	91
41	116
41	36
41	22
41	237
41	12
41	13
41	20
41	4
41	14
42	145
42	4
42	14
42	888
43	4
43	14
43	888
43	145
43	12
43	10
44	1506
44	280
44	78
44	14
44	21
44	22
44	4
44	1151
44	12
44	28
44	13
44	20
45	2
45	4
45	14
45	10
45	116
45	91
45	13
45	113
45	33
45	7
46	26
46	524
46	146
46	701
46	292
46	54
46	32
46	12
46	91
46	237
46	316
46	21
46	102
46	256
46	509
46	642
46	116
46	33
46	37
47	2
47	19
47	378
47	1507
47	116
47	91
47	33
48	2
48	19
48	378
48	1507
48	116
48	91
48	33
49	1508
49	1509
49	12
49	280
49	4
49	427
49	13
49	19
49	287
49	7
50	38
50	19
50	1510
50	167
50	570
50	4
50	14
50	21
51	440
51	43
51	1165
51	4
51	14
51	10
51	11
51	21
51	91
51	12
51	444
52	440
52	43
52	1165
52	4
52	14
52	10
52	11
52	21
52	91
52	12
52	444
53	1503
53	285
53	4
53	91
53	10
53	14
53	12
53	20
54	186
54	44
54	173
54	14
54	4
54	12
54	10
54	91
54	113
54	22
54	20
55	617
55	625
55	17
55	1058
55	1038
55	316
55	178
55	12
55	91
55	320
55	167
56	1147
56	146
56	36
56	12
56	21
56	102
57	19
57	474
57	12
57	20
58	1511
58	144
58	47
58	20
58	11
58	1512
58	13
58	12
58	21
59	218
59	19
59	167
59	22
59	12
59	4
59	14
59	13
59	21
59	4
59	14
60	146
60	83
60	1315
60	4
60	14
60	102
60	12
60	37
60	91
60	10
60	116
60	33
61	1513
61	626
61	1134
61	10
61	91
61	12
61	1514
61	1515
62	533
62	7
62	12
62	116
62	13
62	4
62	14
62	102
62	11
62	33
63	153
63	1516
63	524
63	1517
63	12
63	37
63	21
63	1518
64	147
64	25
64	396
64	148
64	14
64	20
64	33
64	320
64	91
64	106
64	13
64	10
65	1134
65	10
65	91
65	12
65	1519
65	1078
65	237
66	1049
66	1520
66	219
66	437
66	1141
66	1521
66	181
66	14
66	19
66	12
66	21
66	33
67	1522
67	1298
67	369
67	1523
67	1524
67	1498
67	12
67	91
67	13
67	37
67	116
67	10
67	102
67	14
67	4
67	21
67	101
67	55
67	1525
68	406
68	1298
68	369
68	1523
68	1524
68	36
68	12
68	91
68	13
68	37
68	116
68	10
68	102
68	14
68	4
68	21
68	101
68	55
68	33
69	768
69	468
69	17
69	12
69	13
69	60
69	4
69	113
69	14
69	28
70	1526
70	1527
70	12
70	106
70	91
70	509
71	300
71	10
71	17
71	280
71	502
71	33
71	4
71	14
71	91
71	21
72	43
72	173
72	17
72	25
72	44
72	19
72	22
72	113
72	12
72	4
72	14
72	28
73	43
73	25
73	187
73	558
73	44
73	157
73	432
73	570
73	48
73	17
73	186
73	167
73	4
73	14
73	55
73	5
73	746
73	280
73	33
74	1096
74	238
74	101
74	4
74	10
74	106
74	12
74	848
75	186
75	4
75	4
75	55
75	5
75	599
75	12
75	33
76	77
76	1528
76	280
76	2
76	245
76	33
76	4
76	14
76	60
76	21
77	173
77	19
77	438
77	47
77	241
77	213
77	4
77	14
77	13
77	12
77	20
78	1529
78	18
78	410
78	22
78	1530
78	4
78	14
78	102
78	11
78	37
78	12
78	33
78	21
79	130
79	4
79	14
79	10
79	91
79	33
80	16
80	418
80	664
80	19
80	576
80	7
80	13
80	12
80	11
80	22
80	55
80	383
81	1531
81	19
81	20
81	10
81	12
81	55
81	4
81	167
81	142
82	146
82	10
82	102
82	318
82	60
82	21
82	106
82	1532
83	114
83	144
83	48
83	206
83	18
83	4
83	14
83	91
83	13
83	113
83	12
83	22
83	33
84	409
84	264
84	1533
84	19
84	4
84	14
84	583
84	12
84	11
84	13
84	91
84	21
84	245
84	22
84	238
85	1534
85	7
85	4
85	14
85	102
85	11
85	10
85	116
85	12
85	13
85	33
85	22
86	134
86	181
86	12
86	11
86	91
86	21
86	1345
86	525
86	4
86	427
86	509
87	331
87	55
87	10
87	889
87	91
87	13
87	33
88	43
88	102
88	286
88	116
88	10
88	91
89	332
89	554
89	174
89	241
89	22
89	10
89	116
89	91
89	12
89	33
90	250
90	1535
90	14
90	4
90	280
90	10
90	12
90	397
90	21
90	22
91	346
91	54
91	256
91	12
91	102
91	237
91	91
92	323
92	80
92	19
92	160
92	103
92	14
92	101
92	10
92	12
92	91
92	113
92	13
92	22
92	1536
93	602
93	219
93	16
93	437
93	852
93	17
93	1537
93	12
93	13
93	280
93	427
93	4
93	19
93	421
93	22
93	20
93	28
94	79
94	1151
94	22
94	12
94	521
95	40
95	1020
95	102
95	91
95	172
95	33
96	379
96	43
96	437
96	17
96	19
96	4
96	14
96	12
96	113
96	28
96	20
96	22
97	40
97	1538
97	437
97	1539
97	91
97	14
97	13
97	12
97	116
97	505
98	79
98	1513
98	1540
98	148
98	1170
98	128
98	12
98	1541
99	43
99	55
99	12
99	476
99	746
99	4
99	1542
99	927
99	14
99	401
100	222
100	32
100	7
100	10
100	91
100	12
100	14
100	4
100	11
101	130
101	101
101	36
101	102
101	172
101	33
102	266
102	25
102	174
102	1543
102	10
102	91
102	21
102	671
102	1055
102	33
102	128
102	12
102	3
102	22
102	181
103	157
103	12
103	13
103	14
103	4
103	55
104	16
104	772
104	12
104	13
104	4
104	14
104	821
104	112
104	290
105	43
105	1364
105	4
105	14
105	1528
105	12
105	280
105	20
106	1380
106	17
106	10
106	116
106	4
106	113
106	14
106	45
106	12
107	1134
107	105
107	13
107	12
107	1544
107	1113
107	25
107	148
107	1545
107	138
107	1546
107	21
108	353
108	91
108	102
109	43
109	129
109	91
109	277
109	1547
109	698
109	12
109	14
109	1343
109	1012
109	1548
109	928
109	890
109	347
109	55
109	401
110	1549
110	1550
110	91
110	4
110	14
110	280
110	10
110	104
110	12
110	238
111	467
111	19
111	1447
111	287
111	523
111	12
111	238
111	280
111	13
111	21
111	45
112	114
112	12
112	13
112	4
112	14
112	11
112	22
112	434
112	20
113	371
113	148
113	4
113	147
113	238
113	91
113	10
113	320
113	1013
114	1551
114	91
114	1514
114	1127
114	4
114	148
114	281
114	140
114	10
114	12
114	21
114	13
115	331
115	13
115	12
115	55
115	91
115	33
116	25
116	94
116	44
116	36
116	7
116	33
116	11
116	12
116	13
116	91
116	10
116	14
116	1354
116	299
117	331
117	206
117	174
117	25
117	241
117	10
117	91
117	116
117	101
117	4
117	14
117	22
117	33
118	1552
118	498
118	4
118	280
118	14
118	60
118	10
118	20
119	225
119	91
119	20
120	19
120	276
120	144
120	44
120	182
120	12
120	13
120	22
120	21
120	36
120	33
121	16
121	114
121	438
121	19
121	91
121	13
121	113
121	12
121	14
121	22
121	5
121	20
122	186
122	187
122	25
122	3
122	2
122	19
122	12
122	91
122	10
122	13
122	113
122	21
122	55
122	241
122	237
122	22
122	20
122	4
122	14
122	746
122	33
123	1553
123	119
123	216
123	1554
123	4
123	102
123	128
123	12
123	21
123	33
123	91
124	2
124	241
124	877
124	103
124	508
124	18
124	12
124	37
124	45
124	91
124	4
124	263
125	44
125	558
125	25
125	1133
125	1055
125	1134
125	281
125	21
125	12
125	10
125	91
125	105
126	927
126	1555
126	18
126	1071
126	1556
126	1557
126	12
126	37
127	1093
127	1558
127	25
127	138
127	801
127	1075
127	1559
127	1135
127	139
127	1450
127	4
127	148
127	10
127	20
127	33
127	238
127	106
127	91
127	12
127	129
127	1013
128	321
128	285
128	44
128	14
128	103
128	10
128	280
128	91
128	1151
128	20
128	22
129	186
129	44
129	10
129	14
129	11
129	22
129	103
129	91
129	128
129	20
130	186
130	285
130	160
130	14
130	103
130	91
130	22
130	280
130	10
130	523
130	20
131	1560
131	208
131	91
131	37
131	4
131	33
132	146
132	208
132	12
132	4
132	102
132	11
132	22
132	91
132	128
132	45
133	468
133	16
133	26
133	17
133	19
133	22
133	12
133	113
133	13
133	21
133	33
133	20
134	269
134	190
134	12
134	121
134	91
135	700
135	730
135	772
135	91
135	226
136	220
136	12
136	10
136	268
136	91
137	1561
137	12
137	499
137	33
137	91
138	1562
138	1563
138	14
138	12
138	37
138	21
138	11
139	940
139	691
139	427
139	13
139	1397
140	46
140	51
140	17
140	44
140	153
140	19
140	12
140	10
140	91
140	113
140	22
140	4
140	20
140	14
141	49
141	19
141	4
141	14
141	10
141	60
141	12
141	113
141	20
142	432
142	32
142	558
142	12
142	37
142	10
142	102
142	4
142	106
142	91
143	473
143	12
143	888
143	129
144	43
144	12
144	10
144	14
144	55
144	11
144	33
144	476
144	4
144	226
144	580
145	19
145	1564
145	10
145	12
145	277
145	129
146	1565
146	1566
146	4
146	14
146	204
146	1567
146	12
146	37
146	91
146	11
146	21
146	23
147	398
147	1566
147	4
147	14
147	204
147	825
147	12
147	37
147	91
147	11
147	21
147	23
148	1209
148	285
148	1568
148	17
148	148
148	254
148	25
148	19
148	4
148	14
148	10
148	12
148	13
148	22
148	401
148	20
149	43
149	476
149	580
149	10
149	12
149	113
149	55
149	581
149	4
149	14
149	33
150	1569
150	12
150	10
150	55
150	113
150	21
150	112
151	174
151	213
151	958
151	1334
151	20
151	19
151	438
151	91
151	1197
152	149
152	554
152	4
152	101
152	12
152	91
152	21
152	33
153	739
153	13
153	1570
153	12
153	664
153	280
153	19
153	1571
153	22
153	163
153	20
154	134
154	25
154	125
154	1530
154	237
154	116
154	91
154	12
154	37
154	4
154	14
154	102
154	22
154	509
155	134
155	25
155	125
155	19
155	237
155	116
155	91
155	12
155	37
155	4
155	14
155	102
155	22
155	509
156	398
156	134
156	25
156	17
156	19
156	4
156	14
156	12
156	91
156	22
156	20
157	134
157	12
157	13
157	14
157	102
157	11
157	33
157	22
157	237
157	121
157	427
157	58
158	134
158	12
158	13
158	14
158	102
158	11
158	33
158	22
158	237
158	121
158	427
158	58
159	134
159	904
159	12
159	11
159	4
159	427
159	37
159	22
160	134
160	153
160	12
160	11
160	4
160	14
160	37
160	22
161	138
161	19
161	13
161	91
161	10
161	4
162	19
162	1572
162	4
162	91
162	33
162	320
163	95
163	121
163	91
163	1561
164	291
164	79
164	505
164	12
164	10
164	13
164	4
164	14
164	11
164	22
164	91
165	114
165	271
165	19
165	378
165	12
165	1573
165	91
165	121
166	1574
166	904
166	12
166	37
166	11
166	4
166	14
166	318
166	21
166	22
166	509
166	128
166	1525
166	4
167	1575
167	439
167	872
167	332
167	44
167	54
167	12
167	91
167	10
167	318
167	21
167	33
167	4
167	14
168	968
168	439
168	872
168	332
168	44
168	54
168	12
168	91
168	10
168	318
168	21
168	33
168	4
168	14
169	145
169	4
169	116
169	55
170	1576
170	12
170	11
170	10
170	37
170	4
170	14
170	55
170	101
170	36
170	33
171	197
171	12
171	11
171	10
171	37
171	4
171	14
171	55
171	101
171	36
171	33
172	1577
172	103
172	4
172	95
172	25
172	318
172	1578
172	105
173	25
173	17
173	688
173	19
173	10
173	523
173	20
173	4
173	33
174	1579
174	148
174	175
174	102
174	91
174	696
174	21
175	1580
175	1040
175	643
175	1581
175	19
175	1055
175	10
175	91
175	12
175	105
175	1582
176	1521
176	108
176	1583
176	148
176	36
176	10
176	116
176	105
176	13
176	102
176	320
177	355
177	147
177	432
177	256
177	12
177	22
177	128
177	91
178	1097
178	1070
178	316
178	91
178	596
178	1546
178	106
178	75
179	285
179	1584
179	44
179	4
179	14
179	10
179	91
179	280
180	291
180	1333
180	7
180	12
180	91
180	687
181	46
181	284
181	1158
181	44
181	25
181	36
181	4
181	14
181	10
181	116
181	12
181	91
181	113
181	21
181	20
182	284
182	10
182	186
182	320
182	1585
182	1318
182	4
182	287
182	14
182	36
182	163
182	12
182	20
183	515
183	437
183	94
183	438
183	17
183	19
183	12
183	113
183	22
183	13
183	20
184	1079
184	128
184	181
184	33
184	12
184	21
185	379
185	1586
185	17
185	44
185	43
185	153
185	12
185	13
185	113
185	21
185	28
185	14
185	20
185	4
186	286
186	12
186	121
186	10
186	91
187	396
187	1572
187	1209
187	4
187	102
187	101
187	10
187	33
187	320
187	12
188	196
188	147
188	17
188	418
188	378
188	19
188	12
188	113
188	383
188	241
188	4
188	22
188	14
188	7
189	15
189	4
189	14
189	102
189	1587
189	37
189	12
189	11
189	21
189	91
189	22
190	19
190	1058
190	144
190	40
190	182
190	396
190	109
190	36
190	4
190	12
190	325
190	121
190	21
190	33
190	105
191	125
191	2
191	174
191	17
191	19
191	322
191	13
191	12
191	10
191	4
191	14
191	21
191	113
191	91
191	163
192	1537
192	1588
192	11
192	21
192	562
192	4
192	14
192	163
192	12
192	126
192	619
193	19
193	12
193	287
193	383
193	238
194	114
194	16
194	19
194	25
194	17
194	113
194	12
194	13
194	14
194	4
195	43
195	44
195	438
195	1025
195	12
195	10
195	91
195	113
195	4
195	22
195	14
195	20
196	554
196	91
196	121
197	40
197	1589
197	26
197	439
197	1590
197	17
197	16
197	437
197	245
197	280
197	12
197	13
197	22
197	20
198	196
198	143
198	20
198	11
198	163
198	10
198	12
198	14
198	4
198	126
198	13
198	21
199	1591
199	663
199	14
199	12
199	11
199	21
199	324
199	33
199	10
199	22
200	355
200	663
200	241
200	148
200	12
200	33
200	4
200	91
200	21
201	1157
201	663
201	1046
201	19
201	882
201	12
201	33
201	21
201	238
202	43
202	17
202	155
202	14
202	4
202	60
203	1592
203	81
203	1593
203	4
203	14
203	102
203	281
203	12
203	21
203	238
204	266
204	12
204	14
204	102
204	33
204	91
204	418
204	112
205	196
205	151
205	83
205	12
205	11
205	104
205	32
205	10
205	91
205	37
205	128
205	14
205	4
205	22
205	33
205	509
206	206
206	54
206	25
206	44
206	19
206	331
206	4
206	14
206	12
206	37
206	11
206	55
206	287
206	167
207	50
207	12
207	10
207	113
207	757
208	300
208	17
208	44
208	4
208	14
208	102
208	10
208	91
208	113
208	12
208	21
208	22
208	33
208	20
209	134
209	143
209	25
209	103
209	12
209	37
209	91
209	10
209	116
209	11
209	22
209	4
209	14
210	321
210	1594
210	10
210	280
210	245
210	14
210	36
210	21
210	4
210	91
211	1482
211	437
211	25
211	54
211	44
211	19
211	1498
211	12
211	11
211	427
211	21
211	37
211	128
211	22
211	509
211	1525
211	4
212	119
212	153
212	79
212	1595
212	12
212	11
212	21
212	37
212	19
212	22
212	36
212	509
212	4
212	14
213	119
213	153
213	79
213	12
213	11
213	21
213	37
213	19
213	22
213	36
213	509
213	4
213	14
214	432
214	43
214	1596
214	12
214	37
214	163
215	524
215	1597
215	125
215	643
215	12
215	91
215	21
215	11
215	318
215	4
215	14
215	102
216	1598
216	1599
216	280
216	60
216	4
216	14
216	523
217	255
217	12
217	33
217	95
217	91