0	1262
0	254
0	22
0	101
0	103
0	10
0	13
0	5
0	12
0	7
0	33
1	151
1	508
1	19
1	101
1	125
1	22
1	12
1	13
1	33
2	47
2	158
2	968
2	299
2	45
2	12
2	13
2	318
2	10
3	16
3	219
3	17
3	2413
3	19
3	11
3	12
3	13
3	21
3	4
3	14
3	22
3	28
4	134
4	281
4	418
4	4
4	45
4	36
4	12
4	13
4	21
5	10
5	60
5	4
5	14
5	129
5	128
6	43
6	101
6	20
6	11
6	12
6	116
6	13
6	33
6	4
6	14
6	55
6	22
7	43
7	125
7	125
7	34
7	12
7	116
7	37
7	14
7	102
7	101
7	11
7	33
7	22
7	142
7	4
7	91
8	146
8	4
8	14
8	101
8	12
8	299
8	28
8	45
8	13
8	116
8	11
8	55
9	43
9	101
9	4
9	14
9	11
9	116
9	91
9	13
9	397
9	55
9	7
9	22
9	33
10	2414
10	4
10	14
10	888
10	757
10	2062
10	1225
10	12
10	13
10	91
10	238
10	1002
11	46
11	432
11	16
11	26
11	523
11	4
11	33
11	11
11	163
12	284
12	19
12	36
12	241
12	7
12	11
12	12
12	13
12	91
12	116
12	55
12	499
12	102
12	4
12	14
12	22
12	33
13	43
13	36
13	20
13	10
13	12
13	91
13	13
13	112
13	102
13	4
13	14
13	22
13	33
14	1672
14	36
14	19
14	7
14	11
14	12
14	13
14	91
14	116
14	499
14	55
14	4
14	14
14	102
14	22
14	33
15	428
15	7
15	11
15	12
15	13
15	91
15	55
15	499
15	102
15	4
15	14
15	116
15	33
15	22
16	314
16	36
16	45
16	11
16	12
16	13
16	91
16	116
16	55
16	142
16	4
16	14
16	102
16	553
17	547
17	36
17	19
17	7
17	11
17	12
17	13
17	91
17	116
17	499
17	55
17	4
17	14
17	102
17	22
17	33
18	43
18	36
18	19
18	7
18	11
18	12
18	13
18	91
18	4
18	116
18	55
18	102
18	33
18	499
18	22
19	19
19	101
19	36
19	20
19	11
19	12
19	13
19	91
19	116
19	499
19	102
19	4
19	14
19	55
19	33
19	22
20	43
20	125
20	144
20	101
20	12
20	14
20	112
21	156
21	46
21	25
21	437
21	284
21	767
21	18
21	858
21	12
21	13
21	10
22	17
22	602
22	19
22	43
22	173
22	271
22	20
22	11
22	12
22	13
22	21
22	91
22	4
22	14
22	22
22	28
23	155
23	1764
23	598
23	205
23	149
23	204
23	20
23	11
23	12
23	116
23	60
23	21
23	4
23	14
24	145
24	1764
24	598
24	205
24	204
24	149
24	11
24	60
24	12
24	21
24	4
24	14
24	553
25	1363
25	253
25	1764
25	598
25	205
25	149
25	204
25	7
25	11
25	12
25	60
25	21
25	4
25	14
25	28
25	290
26	80
26	256
26	125
26	115
26	19
26	13
26	22
26	268
26	10
26	21
26	397
26	91
26	33
26	45
27	54
27	25
27	125
27	19
27	12
27	13
27	33
27	22
28	328
28	2
28	17
28	11
28	12
28	10
28	91
28	116
28	13
28	33
28	129
28	4
28	14
29	173
29	241
29	19
29	4
29	5
29	91
29	7
29	4
29	11
29	14
29	12
29	33
29	13
30	1697
30	207
30	25
30	12
30	37
30	11
30	36
30	14
31	2
31	14
31	286
31	34
31	113
31	12
31	116
32	2
32	14
32	286
32	115
32	4
32	34
32	113
32	12
32	116
33	46
33	156
33	437
33	25
33	355
33	2041
33	11
33	14
33	91
33	13
33	12
33	4
33	22
33	128
33	33
34	24
34	43
34	2
34	17
34	398
34	254
34	25
34	149
34	219
34	12
34	13
34	21
34	20
35	2285
35	204
35	46
35	533
35	44
35	205
35	17
35	35
35	524
35	12
35	37
35	91
35	2046
35	4
35	14
36	119
36	204
36	46
36	533
36	44
36	205
36	17
36	35
36	524
36	12
36	37
36	91
36	2046
36	4
36	14
37	84
37	85
37	4
37	14
37	163
37	570
38	547
38	111
38	101
38	125
38	1524
38	12
38	13
38	4
38	102
38	11
38	45
38	103
39	24
39	16
39	157
39	19
39	17
39	299
39	12
39	13
39	21
39	11
40	145
40	24
40	17
40	148
40	219
40	25
40	44
40	149
40	11
40	12
40	13
40	21
40	4
40	14
40	553
41	222
41	44
41	102
41	101
41	7
41	11
41	12
41	13
41	22
41	33
42	350
42	44
42	103
42	13
42	20
43	44
43	400
43	318
43	45
43	33
43	12
43	13
43	10
43	91
43	299
43	11
44	156
44	547
44	44
44	675
44	20
44	11
44	13
44	33
44	22
45	426
45	25
45	53
45	11
45	20
45	4
45	14
45	12
45	10
45	13
45	22
45	21
45	33
46	2212
46	25
46	33
46	12
46	91
46	13
46	14
46	4
46	55
47	196
47	25
47	113
47	13
47	12
47	21
48	273
48	25
48	19
48	241
48	12
48	11
48	33
48	22
48	55
48	45
49	241
49	25
49	7
49	12
49	10
49	91
49	13
49	33
49	55
50	12
50	10
50	13
50	14
50	116
50	33
51	62
51	51
51	36
51	101
51	10
51	12
51	11
51	13
51	33
51	129
51	4
51	14
52	46
52	25
52	32
52	102
52	33
52	11
52	12
52	13
52	10
52	91
52	21
52	142
52	4
52	14
53	1680
53	171
53	50
53	14
53	2415
53	12
53	11
53	21
54	468
54	44
54	25
54	95
54	10
54	11
54	33
54	21
54	4
54	14
54	523
55	2413
55	938
55	17
55	44
55	20
55	11
55	12
55	13
55	21
55	4
55	22
55	28
55	553
56	197
56	79
56	12
56	13
56	14
56	101
56	142
56	4
56	45
57	330
57	101
57	14
57	4
57	7
57	13
57	21
58	412
58	101
58	12
58	116
58	37
58	21
58	142
59	119
59	199
59	12
59	14
59	11
59	33
59	4
59	268
59	45
60	429
60	101
60	12
60	116
60	4
60	14
60	11
60	45
61	578
61	625
61	2416
61	12
61	280
61	91
61	401
61	22
61	128
61	4
61	102
61	20
62	174
62	2417
62	1186
62	91
62	22
62	287
62	19
62	281
63	2418
63	285
63	17
63	26
63	20
63	12
63	13
63	11
63	21
63	2419
63	4
63	14
63	102
63	28
64	77
64	173
64	17
64	26
64	13
64	21
64	4
64	14
64	113
64	102
64	12
64	20
64	116
64	28
65	602
65	43
65	49
65	271
65	20
65	11
65	12
65	91
65	13
65	21
65	22
65	28
65	4
65	14
66	222
66	1764
66	598
66	205
66	149
66	204
66	11
66	12
66	13
66	129
66	599
66	21
66	4
66	14
66	101
67	323
67	205
67	1764
67	598
67	149
67	204
67	28
67	11
67	12
67	599
67	21
67	4
67	14
68	77
68	1764
68	598
68	205
68	149
68	204
68	102
68	20
68	11
68	12
68	13
68	599
68	21
68	4
68	14
69	62
69	1764
69	598
69	205
69	149
69	204
69	20
69	1225
69	11
69	12
69	13
69	21
69	4
69	14
69	102
69	599
69	101
69	129
69	28
70	17
70	62
70	271
70	11
70	12
70	13
70	21
70	4
70	14
70	28
70	553
71	77
71	173
71	26
71	17
71	102
71	28
71	11
71	12
71	13
71	116
71	21
71	14
71	4
72	155
72	204
72	598
72	200
72	206
72	205
72	320
72	60
72	12
72	20
73	43
73	17
73	148
73	26
73	438
73	19
73	271
73	22
73	11
73	20
73	12
73	13
73	21
73	4
73	14
74	253
74	12
74	10
74	91
74	55
74	11
74	33
74	4
74	14
75	254
75	412
75	2420
75	7
75	12
75	13
75	21
75	102
75	4
75	14
75	142
75	22
75	1151
75	33
76	254
76	412
76	2420
76	7
76	12
76	13
76	21
76	102
76	4
76	14
76	142
76	22
76	1151
76	33
77	278
77	19
77	149
77	7
77	12
77	13
77	21
77	91
77	237
77	4
77	14
77	241
77	22
77	28
78	186
78	19
78	94
78	17
78	36
78	241
78	7
78	11
78	12
78	13
78	91
78	237
78	4
78	14
78	22
79	547
79	508
79	675
79	19
79	20
79	11
79	12
79	13
79	237
79	91
79	116
79	22
80	314
80	22
80	254
80	13
80	101
80	12
80	33
80	4
80	7
80	116
81	406
81	14
81	125
81	7
81	12
81	13
81	91
81	238
81	245
81	21
81	280
82	26
82	332
82	10
82	12
82	13
82	21
82	4
82	33
82	20
82	22
83	155
83	26
83	400
83	113
83	21
83	13
83	12
83	28
84	26
84	580
84	400
84	20
84	12
84	13
84	21
84	28
84	4
85	16
85	2421
85	19
85	2422
85	22
85	12
85	401
85	20
85	13
86	16
86	19
86	22
86	13
86	476
86	12
86	33
86	20
87	78
87	437
87	438
87	174
87	17
87	101
87	20
87	11
87	12
87	13
87	21
87	91
87	4
87	14
87	22
87	28
88	43
88	174
88	19
88	256
88	257
88	22
88	12
88	13
88	20
88	33
88	11
89	1036
89	772
89	12
89	14
89	102
89	4
89	21
89	101
89	267
89	45
90	40
90	46
90	437
90	157
90	25
90	22
90	44
90	17
90	12
90	13
90	28
91	2423
91	149
91	445
91	204
91	2424
91	12
91	11
91	37
91	21
91	163
91	4
91	14
92	146
92	292
92	25
92	4
92	14
92	205
92	10
92	85
92	91
92	12
92	21
93	42
93	241
93	19
93	22
93	1347
93	45
93	268
93	13
93	21
93	12
94	42
94	2
94	155
94	43
94	144
94	254
94	19
94	241
94	7
94	20
94	12
94	10
94	13
94	21
94	33
94	4
94	22
95	16
95	1969
95	688
95	468
95	908
95	19
95	2425
95	44
95	281
95	1202
95	53
95	2426
95	2427
95	2428
95	103
95	20
95	10
95	13
95	21
95	12
95	1151
96	139
96	382
96	19
96	7
96	91
96	22
96	241
97	412
97	271
97	20
97	12
97	13
97	21
97	28
98	46
98	59
98	156
98	271
98	11
98	12
98	13
98	21
98	28
99	767
99	271
99	20
99	11
99	4
99	14
99	12
99	13
99	21
99	28
100	381
100	271
100	14
100	113
100	13
100	12
100	4
100	28
101	15
101	35
101	271
101	12
101	13
101	21
101	28
102	611
102	271
102	11
102	12
102	13
102	21
102	28
102	4
102	14
103	795
103	27
103	271
103	11
103	12
103	13
103	21
103	28
103	4
103	14
104	379
104	43
104	173
104	219
104	271
104	11
104	12
104	13
104	21
104	28
104	4
104	14
105	26
105	79
105	54
105	271
105	20
105	12
105	91
105	13
105	21
105	28
105	22
105	316
106	255
106	17
106	178
106	12
106	13
106	106
106	163
106	20
106	28
106	22
107	1403
107	22
107	254
107	13
107	101
107	12
107	2429
107	1733
107	4
107	2430
107	2419
108	437
108	19
108	17
108	7
108	11
108	12
108	13
108	33
108	4
108	14
108	22
109	1626
109	438
109	834
109	17
109	174
109	271
109	19
109	7
109	20
109	11
109	12
109	13
109	21
109	4
109	14
109	22
109	33
110	273
110	14
110	121
110	33
110	12
110	13
111	14
111	44
111	95
111	396
111	18
111	1530
111	12
111	37
111	11
111	21
111	22
112	43
112	12
112	116
112	13
112	55
112	101
112	4
112	14
112	33
113	43
113	14
113	25
113	19
113	22
113	4
113	13
113	12
113	33
113	20
114	16
114	26
114	190
114	19
114	4
114	14
114	33
114	45
114	12
114	13
114	299
114	11
115	834
115	160
115	400
115	19
115	299
115	45
115	13
115	10
115	34
115	91
115	11
115	33
115	14
116	300
116	254
116	25
116	101
116	36
116	436
116	19
116	20
116	22
116	12
116	116
116	13
116	11
116	33
116	21
116	245
117	468
117	2
117	438
117	173
117	186
117	700
117	174
117	19
117	254
117	25
117	241
117	22
117	113
117	4
117	14
117	10
117	13
117	21
117	12
117	33
117	20
118	278
118	315
118	101
118	103
118	45
118	11
118	12
118	10
118	13
118	55
118	22
118	33
119	386
119	103
119	101
119	36
119	20
119	268
119	12
119	10
119	142
119	13
119	129
119	4
119	14
119	33
120	43
120	547
120	25
120	160
120	299
120	4
120	45
120	14
120	10
120	11
120	12
120	13
120	91
120	3
121	533
121	101
121	103
121	14
121	45
121	12
121	275
121	142
122	314
122	399
122	12
122	10
122	37
122	14
122	101
122	235
122	111
122	275
122	238
123	700
123	1597
123	351
123	19
123	1477
123	12
123	37
123	10
123	21
123	22
123	418
123	4
123	14
124	700
124	156
124	351
124	19
124	898
124	12
124	37
124	10
124	21
124	22
124	418
124	4
124	14
125	2
125	12
125	10
125	91
125	268
126	146
126	101
126	19
126	102
126	14
126	299
126	33
126	45
126	10
126	13
126	116
127	146
127	19
127	687
127	12
127	14
127	102
127	101
127	121
127	91
127	142
128	218
128	54
128	410
128	157
128	2431
128	12
128	91
128	177
128	167
128	37
129	300
129	103
129	436
129	101
129	20
129	11
129	12
129	10
129	116
129	13
129	4
129	14
129	33
130	285
130	2296
130	2291
130	280
130	10
130	91
130	888
130	129
130	4
131	134
131	438
131	17
131	25
131	101
131	11
131	12
131	13
131	14
131	4
131	33
131	20
132	222
132	83
132	79
132	12
132	13
132	37
132	14
132	102
132	129
132	101
132	11
132	318
132	45
132	499
132	21
132	142
132	56
132	128
133	222
133	125
133	79
133	2432
133	12
133	13
133	37
133	318
133	499
133	11
133	14
133	102
133	129
133	2433
133	21
133	133
133	56
134	371
134	125
134	45
134	142
134	125
134	12
134	10
134	13
134	4
134	14
134	102
134	129
134	101
134	318
134	33
134	104
134	268
134	354
134	128
135	59
135	17
135	14
135	21
135	13
135	12
135	113
135	28
135	4
135	20
136	40
136	2
136	153
136	19
136	25
136	241
136	12
136	13
136	21
136	22
136	33
136	20
137	321
137	432
137	17
137	44
137	613
137	302
137	36
137	20
137	12
137	13
137	11
137	4
137	14
137	287
137	2434
137	33
138	2435
138	40
138	164
138	54
138	81
138	12
138	11
138	22
138	21
139	933
139	115
139	125
139	14
139	268
139	12
139	22
139	13
139	21
139	33
139	45
140	1672
140	190
140	103
140	19
140	329
140	45
140	12
140	13
140	10
140	22
140	91
140	116
140	11
140	21
140	299
141	2436
141	14
141	4
141	17
141	7
141	12
141	13
141	21
141	280
141	238
142	2437
142	317
142	2438
142	12
142	11
142	21
142	10
142	91
142	116
142	14
142	102
142	4
142	5
142	128
142	37
142	22
142	509
143	2096
143	317
143	144
143	12
143	11
143	21
143	10
143	91
143	116
143	14
143	102
143	4
143	5
143	128
143	37
143	22
143	509
144	134
144	12
144	102
144	14
144	111
144	11
144	116
144	112
145	197
145	2
145	40
145	44
145	26
145	20
145	11
145	12
145	13
145	21
145	4
145	14
145	28
145	22
146	474
146	14
146	12
146	116
146	13
146	33
146	10
147	847
147	18
147	148
147	11
147	12
147	13
147	91
147	116
147	33
147	14
148	155
148	18
148	55
148	4
148	14
148	102
148	553
148	12
148	13
148	33
149	149
149	187
149	19
149	241
149	20
149	91
149	1197
149	22
150	2439
150	662
150	19
150	20
150	167
150	91
150	1197
150	22
151	174
151	22
151	19
151	241
151	91
151	45
152	49
152	55
152	12
152	4
152	91
152	14
152	268
152	33
153	1596
153	19
153	167
153	437
153	12
153	37
153	4
153	33
153	11
153	509
154	414
154	2440
154	125
154	204
154	14
154	4
154	7
154	12
154	13
154	21
154	280
154	238
154	91
155	78
155	35
155	271
155	17
155	36
155	28
155	11
155	12
155	13
155	21
155	45
156	186
156	19
156	302
156	438
156	36
156	20
156	11
156	12
156	13
156	21
156	4
156	14
156	22
156	28
157	331
157	25
157	44
157	54
157	45
157	11
157	12
157	10
157	91
157	13
157	21
157	22
157	33
158	16
158	271
158	54
158	19
158	20
158	11
158	12
158	13
158	21
158	4
158	14
158	22
158	28
159	342
159	54
159	271
159	7
159	20
159	11
159	290
159	12
159	13
159	21
159	10
159	91
159	4
159	14
159	22
159	28
160	46
160	2
160	19
160	43
160	17
160	26
160	44
160	266
160	22
160	113
160	12
160	13
160	21
160	4
160	28
160	20
161	141
161	443
161	400
161	26
161	19
161	20
161	11
161	12
161	13
161	21
161	4
161	22
161	33
162	1163
162	443
162	22
162	19
162	4
162	13
162	14
162	12
162	268
162	45
163	195
163	443
163	19
163	9
163	20
163	11
163	12
163	13
163	21
163	4
163	14
163	22
163	28
164	437
164	439
164	94
164	204
164	1530
164	12
164	11
164	21
164	37
164	4
164	14
164	22
165	437
165	439
165	94
165	204
165	19
165	12
165	11
165	21
165	37
165	4
165	14
165	22
166	428
166	2441
166	165
166	91
166	116
166	13
166	12
166	128
166	14
166	102
166	4
166	126
166	34
166	2442
167	271
167	440
167	20
167	12
167	91
167	13
167	21
167	33
167	22
168	440
168	20
168	37
168	12
168	22
168	401
168	21
169	440
169	266
169	22
169	13
169	12
169	33
169	21
169	20
170	16
170	204
170	94
170	19
170	20
170	11
170	12
170	13
170	4
170	14
170	22
170	28
171	2443
171	281
171	102
171	12
171	37
171	10
172	321
172	17
172	44
172	25
172	4
172	2444
172	14
172	401
172	13
172	12
172	280
172	19
172	287
172	1441
172	163
172	2445
172	36
172	302
173	145
173	17
173	44
173	25
173	151
173	11
173	12
173	13
173	21
173	4
173	14
174	93
174	25
174	44
174	17
174	103
174	14
174	20
174	11
174	28
174	22
174	21
174	12
174	13
174	163
174	4
174	427
175	933
175	428
175	36
175	17
175	44
175	181
175	25
175	14
175	4
175	21
175	12
175	268
175	397
175	13
175	33
175	22
176	171
176	2060
176	142
176	12
176	13
176	33
177	145
177	12
177	448
177	55
177	4
177	14
177	113
178	381
178	19
178	17
178	2
178	20
178	12
178	13
178	11
178	21
178	33
179	146
179	19
179	22
179	21
179	237
179	55
179	36
179	4
179	14
179	113
179	12
179	33
179	13
179	7
179	91
180	43
180	256
180	32
180	190
180	4
180	14
180	2446
180	12
180	91
180	427
180	352
180	21
181	147
181	2447
181	302
181	94
181	175
181	443
181	1821
181	303
181	19
181	2
181	60
181	12
181	213
181	247
181	10
181	1566
182	1400
182	13
182	353
182	102
182	101
182	14
183	554
183	1333
183	436
183	91
183	12
183	121
184	646
184	101
184	102
184	36
184	181
184	12
184	13
184	91
184	142
184	33
184	116
185	700
185	19
185	148
185	7
185	12
185	13
185	21
185	55
185	33
185	4
185	22
186	2448
186	247
186	1557
186	12
186	55
186	91
187	554
187	2
187	148
187	17
187	241
187	55
187	237
187	10
187	4
187	33
187	12
187	20
188	101
188	102
188	4
188	55
188	142
188	33
188	91
188	13
188	353
188	116
188	45
189	2449
189	36
189	396
189	182
189	357
189	12
189	37
189	4
189	14
189	21
189	33
189	509
190	278
190	182
190	101
190	290
190	33
190	10
190	60
190	13
190	21
191	213
191	312
191	91
191	20
191	652
191	448
192	10
192	60
192	14
192	55
192	129
192	101
192	11
192	45
193	12
193	13
193	102
193	101
193	11
193	20
193	226
193	599
193	128
194	1
194	184
194	32
194	36
194	12
194	13
194	91
194	4
194	14
194	33
195	852
195	49
195	184
195	11
195	13
195	12
195	14
195	4
196	432
196	184
196	17
196	36
196	4
196	113
196	14
196	12
196	20
196	13
197	43
197	256
197	2450
197	138
197	125
197	85
197	91
197	21
197	12
198	197
198	151
198	125
198	12
198	13
198	37
198	11
198	1191
198	121
198	199
198	436
198	21
198	128
199	43
199	26
199	11
199	12
199	13
199	21
199	28
199	4
200	1969
200	2451
200	2452
200	17
200	36
200	11
200	12
200	13
200	21
200	4
200	14
200	287
200	1151
201	400
201	134
201	26
201	281
201	1202
201	36
201	20
201	11
201	12
201	13
201	28
201	21
201	4
201	14
201	33
202	156
202	26
202	400
202	12
202	11
202	21
202	13
202	4
202	28
202	553
203	437
203	1429
203	1186
203	19
203	2453
203	12
203	13
203	427
203	2155
203	281
204	119
204	102
204	125
204	14
204	4
204	868
204	397
204	318
204	2454
204	1001
204	2455
204	238
204	21
204	280
204	12
204	91
205	557
205	256
205	115
205	241
205	268
205	1102
205	10
205	91
205	45
206	515
206	12
206	101
206	13
206	10
206	55
206	7
207	146
207	101
207	102
207	4
207	268
207	21
207	13
207	10
207	55
207	746
207	45
207	33
207	14
208	43
208	7
208	11
208	12
208	55
208	4
208	14
208	91
208	60
208	10
209	2456
209	19
209	36
209	315
209	7
209	11
209	12
209	13
209	91
209	55
209	4
209	14
209	22
209	33
210	573
210	101
210	19
210	12
210	10
210	91
210	116
210	33
210	55
211	141
211	315
211	4
211	14
211	55
211	36
211	113
211	33
211	12
211	7
211	91
211	13
212	440
212	33
212	12
212	91
212	7
212	13
212	55
213	440
213	12
213	7
213	55
213	33
213	91
213	13
214	638
214	12
214	91
214	13
214	33
214	55
215	334
215	10
215	13
215	33
215	45
215	142
216	146
216	22
216	32
216	256
216	19
216	116
216	36
216	4
216	113
216	142
216	12
216	33
216	91
216	7
216	13
217	77
217	25
217	36
217	20
217	11
217	13
217	12
217	10
217	116
217	112
217	4
217	14
217	102
217	33
217	22
218	155
218	44
218	25
218	125
218	19
218	12
218	13
218	4
218	14
218	102
218	11
218	33
218	22
218	128
219	155
219	44
219	25
219	125
219	19
219	11
219	33
219	4
219	14
219	102
219	523
219	13
219	12
220	155
220	44
220	25
220	101
220	19
220	20
220	11
220	13
220	12
220	33
220	4
220	14
220	22
221	300
221	19
221	36
221	436
221	7
221	11
221	12
221	10
221	91
221	116
221	142
221	4
221	14
221	102
221	22
221	33
222	44
222	7
222	12
222	91
222	13
222	142
222	33
222	55
223	44
223	10
223	55
223	12
223	142
223	33
224	573
224	101
224	14
224	12
224	116
224	33
224	55
224	13
224	91
225	43
225	10
225	36
225	13
225	101
225	12
225	4
225	33
225	116
225	28
226	43
226	12
226	116
226	13
226	55
226	101
226	4
226	14
226	33
227	18
227	12
227	13
227	33
227	142
227	116
228	431
228	101
228	45
228	11
228	12
228	13
228	116
228	33
228	4
228	14
229	398
229	36
229	7
229	12
229	11
229	91
229	116
229	33
229	4
229	14
230	2
230	573
230	181
230	101
230	54
230	18
230	4
230	299
230	45
230	14
230	102
230	268
230	116
230	12
230	13
230	91
231	2457
231	285
231	95
231	44
231	4
231	25
231	14
231	36
231	91
231	280
231	10
231	129
231	12
231	13
232	145
232	147
232	125
232	34
232	12
232	13
232	268
232	760
232	133
232	33
232	14
232	2433
232	4
233	2458
233	40
233	2459
233	4
233	1046
233	102
233	95
233	281
233	10
233	106
233	12
233	13
234	2460
234	437
234	157
234	898
234	14
234	4
234	125
234	125
234	509
234	12
234	13
234	113
234	22
234	523
234	2461
234	91
235	141
235	2
235	26
235	46
235	271
235	11
235	12
235	13
235	21
235	28
235	4
235	14
236	46
236	25
236	44
236	17
236	266
236	19
236	21
236	12
236	20
236	28
237	2
237	847
237	19
237	20
237	12
237	13
237	4
237	22
238	1398
238	580
238	26
238	43
238	44
238	20
238	11
238	12
238	10
238	13
238	21
238	4
238	22
238	33
239	145
239	1586
239	271
239	11
239	12
239	13
239	21
239	4
239	14
240	1959
240	206
240	204
240	2462
240	12
240	37
240	11
240	14
241	145
241	4
241	17
241	21
241	254
241	13
241	120
241	12
241	44
241	28
241	1151
241	20
242	46
242	254
242	264
242	36
242	20
242	11
242	13
242	12
242	33
242	21
243	43
243	17
243	26
243	19
243	2420
243	20
243	11
243	12
243	13
243	21
243	91
243	287
243	1151
244	145
244	26
244	17
244	271
244	19
244	20
244	11
244	12
244	13
244	91
244	21
244	22
245	15
245	437
245	19
245	271
245	20
245	11
245	12
245	13
245	21
245	4
245	14
245	22
245	28
246	19
246	1605
246	2
246	148
246	25
246	254
246	646
246	4
246	21
246	13
246	12
246	28
246	20
247	2267
247	254
247	808
247	464
247	4
247	427
247	1669
247	12
247	280
247	13
247	401
247	28
248	1262
248	25
248	271
248	13
248	21
248	4
248	11
248	14
248	12
249	1262
249	25
249	271
249	11
249	12
249	13
249	21
249	4
249	14
250	77
250	17
250	25
250	438
250	4
250	14
250	102
250	33
250	320
250	28
251	77
251	17
251	25
251	438
251	102
251	4
251	14
251	320
251	11
251	28
251	33
252	511
252	17
252	26
252	102
252	187
252	11
252	12
252	13
252	21
252	116
252	4
252	14
252	28
253	2463
253	187
253	123
253	19
253	2464
253	245
253	11
253	21
253	12
253	55
253	13
253	14
253	116
254	119
254	199
254	12
254	14
254	11
254	102
254	45
254	4
255	125
255	103
255	12
255	37
256	253
256	12
256	55
257	2
257	91
257	1225
257	12
257	13
257	14
257	418
258	578
258	12
258	91
258	13
258	112
258	116
259	2
259	12
259	55
259	268
259	91
260	173
260	12
260	91
260	10
260	268
261	428
261	2
261	171
261	32
261	11
261	102
261	14
261	101
261	22
261	10
261	91
261	13
261	45
262	19
262	10
262	4
262	102
262	111
262	267
263	428
263	171
263	32
263	2
263	102
263	14
263	112
263	22
263	91
263	10
263	13
263	45
263	11
264	134
264	125
264	103
264	34
264	12
264	10
264	14
264	11
264	21
265	473
265	17
265	22
265	13
265	33
265	12
265	20
266	84
266	116
266	237
266	1062
266	12
266	11
266	14
267	271
267	26
267	158
267	968
267	45
267	13
267	12
267	91
267	10
267	22
268	431
268	125
268	34
268	12
268	10
268	37
268	4
268	14
268	11
268	33
268	102
268	199
268	275
268	320
268	91
268	128
268	4
268	36
269	554
269	25
269	44
269	174
269	2
269	4
269	13
269	10
269	268
269	19
269	397
269	21
269	33
269	22
270	145
270	54
270	34
270	12
270	13
270	14
270	102
270	55
270	129
270	101
270	104
270	888
270	263
270	36
270	112
271	2
271	103
271	393
271	7
271	12
271	101
271	55
272	156
272	101
272	20
272	11
272	12
272	13
272	4
272	14
272	33
272	22
272	553
273	2465
273	598
273	1764
273	1165
273	2466
273	204
273	34
273	12
273	13
273	11
273	10
273	21
273	60
273	14
273	4
274	2465
274	598
274	1764
274	1165
274	2466
274	204
274	34
274	12
274	13
274	11
274	10
274	21
274	60
274	14
274	4
275	1111
275	678
275	101
275	101
275	125
275	14
275	4
275	318
275	133
275	12
275	13
275	37
275	21
276	893
276	17
276	43
276	49
276	219
276	148
276	271
276	20
276	11
276	12
276	13
276	21
276	4
276	14
276	28
277	43
277	17
277	347
277	277
277	757
277	13
277	33
277	55
277	129
277	12
277	10
277	91
278	1969
278	254
278	25
278	17
278	2467
278	19
278	91
278	116
278	10
278	4
278	36
278	523
278	33
279	17
279	795
279	271
279	4
279	11
279	14
279	12
279	21
279	13
279	28
280	17
280	59
280	271
280	11
280	12
280	13
280	21
280	4
280	14
280	28
281	409
281	34
281	12
281	10
281	14
281	11
281	4
281	112
281	21
282	19
282	17
282	20
282	12
282	13
282	33
282	4
283	196
283	44
283	25
283	17
283	11
283	12
283	13
283	55
283	4
283	14
283	33
284	43
284	17
284	4
284	14
284	12
284	11
284	13
284	91
284	22
284	55
284	33
285	332
285	94
285	32
285	19
285	7
285	11
285	12
285	13
285	21
285	91
285	22
285	33
286	314
286	44
286	675
286	101
286	20
286	11
286	12
286	13
286	116
286	33
286	22
287	2468
287	935
287	102
287	10
287	95
287	44
287	675
287	116
287	85
287	33
287	12
288	25
288	44
288	20
288	11
288	12
288	10
288	13
288	21
288	4
288	22
288	91
288	33
289	1683
289	42
289	646
289	79
289	102
289	268
289	22
289	12
289	13
289	45
290	250
290	12
290	10
290	13
290	4
290	14
290	11
290	21
290	383
290	746
291	186
291	19
291	4
291	14
291	12
291	91
291	21
291	13
291	22
291	7
292	276
292	2
292	147
292	148
292	174
292	25
292	7
292	11
292	12
292	116
292	13
292	21
292	33
292	4
292	14
292	241
292	22
292	55
293	43
293	125
293	22
293	10
293	116
293	91
293	102
293	20
294	292
294	19
294	241
294	7
294	12
294	91
294	22
295	108
295	4
295	167
295	85
295	14
295	10
295	91
295	383
296	805
296	19
296	241
296	7
296	91
296	889
297	196
297	36
297	19
297	20
297	11
297	12
297	13
297	91
297	21
297	4
297	14
297	22
297	33
298	426
298	36
298	19
298	7
298	11
298	13
298	12
298	21
298	55
298	33
298	4
298	14
298	241
298	22
299	1421
299	19
299	167
299	12
299	13
299	4
299	17
299	25
299	148
299	5
299	2469
300	253
300	7
300	11
300	12
300	91
300	121
300	33
300	4
300	14
301	547
301	12
301	11
301	91
301	13
301	33
301	4
301	14
302	43
302	36
302	32
302	11
302	12
302	10
302	91
302	13
302	4
302	14
302	55
302	33
303	328
303	44
303	102
303	101
303	129
303	20
303	11
303	12
303	116
303	10
303	91
303	13
303	4
303	14
303	22
303	33
304	2222
304	14
304	4
304	256
304	36
304	125
304	125
304	2223
304	112
304	55
304	12
304	13
304	37
304	91
304	402
304	113
304	21
304	133
304	33
304	34
305	852
305	510
305	26
305	44
305	400
305	20
305	11
305	12
305	13
305	21
305	33
305	22
305	4
306	438
306	1826
306	19
306	241
306	4
306	5
306	14
306	91
306	22
306	10
306	55
306	12
306	20
307	328
307	19
307	241
307	22
307	14
307	55
307	10
307	12
307	113
307	33
307	116
307	20
307	4
308	557
308	19
308	7
308	11
308	12
308	13
308	22
308	241
308	33
308	4
308	14
309	72
309	19
309	36
309	241
309	7
309	11
309	12
309	13
309	91
309	55
309	4
309	14
309	22
309	21
310	474
310	19
310	241
310	22
310	12
310	13
310	55
310	7
310	33
311	2113
311	101
311	436
311	36
311	45
311	11
311	12
311	91
311	116
311	13
311	33
311	4
311	14
311	102
311	22
311	55
312	300
312	101
312	436
312	36
312	102
312	45
312	11
312	12
312	10
312	116
312	13
312	91
312	4
312	14
312	22
312	33
312	55
313	146
313	36
313	32
313	19
313	241
313	378
313	7
313	11
313	12
313	91
313	10
313	4
313	14
313	13
313	33
313	55
314	40
314	19
314	241
314	10
314	13
314	12
314	21
314	4
314	22
314	20
315	700
315	213
315	438
315	17
315	1243
315	148
315	303
315	33
315	4
315	14
315	12
315	7
315	5
315	383
315	121
316	49
316	19
316	22
316	241
316	12
316	33
316	4
316	55
317	53
317	17
317	148
317	19
317	241
317	55
317	13
317	12
317	237
317	33
317	20
318	2
318	19
318	174
318	148
318	573
318	7
318	11
318	12
318	13
318	91
318	33
318	241
318	862
318	4
318	14
318	237
318	55
318	121
319	101
319	111
319	45
319	10
319	12
319	13
319	33
320	43
320	17
320	315
320	36
320	19
320	7
320	11
320	12
320	13
320	21
320	91
320	4
320	14
320	55
320	22
320	649
321	80
321	256
321	19
321	7
321	11
321	12
321	746
321	91
321	13
321	21
321	4
321	14
321	22
321	33
322	557
322	36
322	241
322	20
322	11
322	12
322	10
322	116
322	13
322	4
322	22
322	33
323	80
323	174
323	148
323	256
323	19
323	7
323	11
323	91
323	12
323	13
323	142
323	33
323	4
323	14
323	22
324	171
324	13
324	102
324	4
324	7
324	111
324	12
324	33
324	142
325	810
325	2419
325	36
325	10
325	1888
325	22
325	167
325	13
325	280
325	12
325	14
325	20
325	4
325	401
326	146
326	33
326	4
326	10
326	91
326	427
326	268
327	300
327	181
327	101
327	436
327	19
327	102
327	20
327	11
327	12
327	13
327	4
327	14
327	22
328	62
328	44
328	101
328	103
328	113
328	5
328	10
328	22
328	13
328	12
328	33
328	20
329	547
329	9
329	19
329	20
329	11
329	12
329	13
329	22
329	28
330	16
330	474
330	17
330	54
330	19
330	20
330	11
330	12
330	13
330	21
330	4
330	1866
330	22
330	33
331	222
331	292
331	13
331	21
331	102
331	129
331	11
331	4
331	12
331	14
332	222
332	101
332	4
332	299
332	45
332	13
332	10
332	91
332	116
332	499
333	78
333	588
333	26
333	17
333	12
333	13
333	21
333	28
334	43
334	17
334	158
334	271
334	20
334	11
334	12
334	13
334	21
334	4
334	14
334	22
334	28
335	196
335	44
335	115
335	271
335	20
335	11
335	12
335	13
335	91
335	21
335	4
335	14
335	22
335	33
336	468
336	123
336	664
336	1969
336	1207
336	174
336	254
336	25
336	167
336	287
336	19
336	280
336	4
336	14
336	10
336	13
336	21
336	12
336	1888
336	401
336	20
337	174
337	205
337	241
337	20
337	91
337	22
337	33
338	2
338	7
338	12
338	91
338	55
338	33
338	4
338	14
339	40
339	1020
339	271
339	20
339	11
339	12
339	13
339	21
339	4
339	22
339	142
340	16
340	1020
340	20
340	11
340	12
340	13
340	21
340	22
340	4
340	28
341	59
341	1020
341	186
341	20
341	11
341	12
341	13
341	21
341	4
341	14
341	22
341	28
341	241
342	196
342	134
342	17
342	1430
342	271
342	19
342	20
342	11
342	290
342	12
342	13
342	21
342	60
342	10
342	4
342	22
342	28
343	219
343	18
343	190
343	174
343	13
343	12
343	21
343	268
343	22
343	33
344	14
344	134
344	19
344	45
344	11
344	12
344	22
345	2470
345	661
345	2471
345	281
345	4
345	14
345	12
345	91
345	10
345	102
346	222
346	151
346	103
346	7
346	11
346	12
346	13
346	22
346	935
346	4
346	14
347	186
347	286
347	95
347	14
347	4
347	509
347	106
347	823
347	12
348	409
348	85
348	4
348	14
348	137
348	1745
348	2472
349	181
349	174
349	25
349	437
349	281
349	4
349	14
349	268
349	13
349	12
349	19
349	22
349	33
349	45
350	647
350	43
350	26
350	20
350	11
350	12
350	13
350	21
350	4
350	14
351	40
351	400
351	43
351	17
351	2
351	299
351	13
351	21
352	186
352	19
352	174
352	12
352	22
352	4
352	14
352	11
352	20
352	91
352	237
352	33
353	186
353	537
353	1866
353	36
353	20
353	11
353	12
353	10
353	116
353	13
353	4
353	33
354	54
354	151
354	20
354	12
354	13
354	21
354	28
354	22
355	32
355	186
355	19
355	26
355	254
355	20
355	11
355	12
355	91
355	13
355	21
355	14
355	22
355	4
355	28
356	40
356	149
356	19
356	17
356	271
356	20
356	11
356	13
356	12
356	22
356	21
356	28
357	145
357	14
357	102
357	36
357	101
358	291
358	807
358	125
358	45
358	12
358	13
358	14
358	102
358	101
358	11
358	2473
358	283
358	4
358	128
359	398
359	36
359	11
359	12
359	13
359	33
359	55
359	4
359	14
360	1051
360	36
360	12
360	91
360	4
360	14
360	55
360	11
360	33
361	1
361	36
361	12
361	33
361	55
362	530
362	36
362	11
362	12
362	13
362	55
362	129
362	4
362	14
362	33
363	18
363	1020
363	20
363	11
363	12
363	13
363	21
363	28
363	22
363	4
364	893
364	271
364	43
364	578
364	17
364	219
364	26
364	11
364	12
364	13
364	21
364	4
364	14
365	197
365	40
365	2
365	44
365	25
365	20
365	113
365	12
365	13
365	14
365	21
365	28
365	4
366	197
366	2
366	40
366	44
366	25
366	20
366	11
366	12
366	13
366	21
366	4
366	14
366	28
367	1608
367	2474
367	102
367	14
367	4
367	10
367	12
367	13
368	2475
368	14
368	95
368	4
368	10
368	280
368	12
368	13
368	22
369	379
369	219
369	43
369	1687
369	11
369	12
369	13
369	21
369	4
369	14
369	163
369	28
370	1314
370	111
370	95
370	102
370	12
370	91
370	22
370	509
370	106
371	19
371	832
371	672
371	45
371	12
371	13
371	37
371	106
371	101
371	4
371	33
372	35
372	271
372	437
372	19
372	17
372	11
372	12
372	13
372	21
372	28
372	22
373	155
373	530
373	400
373	35
373	11
373	12
373	13
373	21
373	28
373	553
374	166
374	35
374	270
374	25
374	12
374	4
374	14
374	21
375	78
375	35
375	400
375	28
375	12
375	13
375	21
376	146
376	160
376	4
376	14
376	11
376	45
376	12
376	13
377	637
377	182
377	396
377	12
377	13
377	10
377	2434
377	2476
377	4
377	20
378	137
378	37
378	14
378	102
378	11
378	91
379	117
379	86
379	808
379	95
379	5
379	10
379	11
379	4
379	12
379	20
379	56
380	43
380	22
380	14
380	102
380	13
380	33
381	300
381	289
381	438
381	20
381	11
381	12
381	13
381	209
381	91
381	116
381	4
381	14
381	33
381	142
382	429
382	438
382	147
382	336
382	11
382	12
382	13
382	91
382	104
382	4
382	14
382	102
382	33
382	142
382	116
383	213
383	22
383	292
383	10
383	14
383	11
383	499
384	1207
384	287
384	637
384	499
384	7
384	12
384	10
384	13
385	186
385	129
385	637
385	10
385	5
385	121
385	142
385	104
385	11
385	14
385	55
385	4
385	21
385	33
386	291
386	147
386	1075
386	19
386	22
386	12
386	10
386	37
386	4
386	14
386	11
386	320
386	344
387	431
387	45
387	11
387	12
387	91
387	116
387	10
387	4
387	14
387	33
388	606
388	167
388	280
388	10
388	91
388	116
388	4
388	33
389	795
389	241
389	22
389	4
389	14
389	113
389	10
389	91
389	13
389	12
389	20
389	116
390	186
390	19
390	36
390	7
390	12
390	11
390	10
390	116
390	91
390	33
390	14
390	241
390	22
390	4
390	102
391	547
391	19
391	241
391	7
391	91
391	116
391	12
391	10
391	33
391	4
391	14
391	22
392	849
392	18
392	302
392	91
392	116
392	12
393	18
393	101
393	14
393	33
393	91
393	12
393	116
394	331
394	2
394	254
394	25
394	148
394	22
394	19
394	241
394	4
394	14
394	10
394	13
394	12
394	45
394	91
394	116
395	44
395	43
395	11
395	434
395	10
395	12
395	13
395	33
395	4
395	14
396	332
396	299
396	44
396	25
396	45
396	11
396	12
396	13
396	21
396	91
396	247
396	22
396	33
397	134
397	153
397	4
397	14
397	13
397	113
397	12
397	21
397	20
398	300
398	44
398	464
398	25
398	4
398	14
398	36
398	19
398	12
398	13
398	11
398	21
398	33
399	145
399	36
399	889
399	55
399	11
399	12
399	91
399	13
399	33
399	4
399	14
400	437
400	438
400	19
400	101
400	271
400	20
400	11
400	12
400	13
400	21
400	329
400	4
400	14
400	22
400	28
400	91
401	125
401	2
401	216
401	25
401	19
401	102
401	13
401	12
401	22
402	188
402	181
402	36
402	101
402	102
402	142
402	33
402	12
402	13
403	852
403	101
403	18
403	102
403	142
403	33
403	116
403	12
403	13
403	91
404	515
404	36
404	101
404	13
404	12
404	33
404	142
404	14
404	102
405	554
405	101
405	102
405	36
405	91
405	142
405	33
405	12
405	13
406	1612
406	654
406	125
406	14
406	4
406	7
406	12
406	13
406	91
406	318
406	655
406	245
406	238
407	323
407	266
407	22
407	14
407	129
407	4
407	113
407	33
407	10
407	7
407	13
408	51
408	12
408	10
408	37
408	4
408	14
408	129
408	11
408	91
409	767
409	25
409	22
409	20
409	11
409	13
409	10
409	4
409	14
409	21
409	33
410	300
410	436
410	254
410	116
410	14
410	102
410	33
410	22
410	128
410	113
410	21
410	45
411	292
411	337
411	36
411	12
411	10
411	91
411	1212
411	4
411	14
411	102
412	2477
412	12
412	10
412	21
412	91
412	13
412	33
412	163
412	22
413	314
413	173
413	25
413	148
413	44
413	219
413	17
413	149
413	271
413	20
413	11
413	12
413	10
413	13
413	21
413	91
413	4
413	14
413	22
413	33
414	43
414	44
414	149
414	438
414	556
414	17
414	148
414	25
414	22
414	4
414	113
414	10
414	91
414	13
414	290
414	21
414	33
414	12
414	20
414	4
414	14
415	1293
415	43
415	173
415	271
415	20
415	11
415	10
415	12
415	60
415	13
415	21
415	4
415	14
415	22
415	33
416	849
416	43
416	173
416	25
416	271
416	20
416	11
416	12
416	10
416	91
416	13
416	21
416	4
416	14
416	33
416	22
417	893
417	219
417	271
417	13
417	21
417	4
417	14
417	113
417	28
417	12
417	33
417	10
417	20
418	2478
418	60
418	129
418	280
418	523
418	10
418	4
418	14
418	103
418	21
418	33
419	2478
419	60
419	129
419	280
419	523
419	10
419	4
419	14
419	103
419	21
419	33
420	386
420	70
420	129
420	113
420	10
420	13
420	12
420	101
420	103
420	14
420	20
421	77
421	173
421	25
421	116
421	10
421	21
421	102
421	13
421	113
421	33
421	4
421	20
421	14
421	12
422	511
422	21
422	102
422	60
422	10
422	113
422	13
422	4
422	12
422	14
422	33
422	116
422	20
423	173
423	511
423	102
423	11
423	116
423	10
423	60
423	4
423	14
423	21
423	33
424	963
424	25
424	271
424	20
424	11
424	12
424	10
424	91
424	13
424	21
424	4
424	14
424	22
424	33
425	379
425	43
425	173
425	22
425	113
425	4
425	14
425	21
425	10
425	13
425	12
425	33
425	20
426	350
426	4
426	125
426	14
426	7
426	12
426	13
426	167
426	238
426	245
427	379
427	219
427	43
427	49
427	11
427	12
427	13
427	21
427	4
427	14
427	28
428	40
428	26
428	219
428	22
428	12
428	13
428	21
428	4
428	113
428	14
428	28
429	186
429	17
429	44
429	25
429	19
429	36
429	20
429	11
429	12
429	13
429	21
429	14
429	4
429	22
429	28
430	117
430	101
430	190
430	4
430	14
430	12
430	13
430	19
430	22
430	21
430	268
430	33
431	1380
431	187
431	17
431	26
431	113
431	4
431	14
431	13
431	12
431	36
431	28
431	20
432	187
432	331
432	438
432	17
432	148
432	19
432	241
432	91
432	13
432	55
432	4
432	14
432	33
432	7
432	12
433	43
433	187
433	2
433	25
433	3
433	44
433	36
433	19
433	241
433	7
433	11
433	12
433	91
433	13
433	55
433	4
433	14
433	142
433	383
433	22
433	33
434	2479
434	4
434	14
434	1498
434	12
434	37
434	11
434	21
434	10
435	1383
435	266
435	173
435	20
435	11
435	12
435	91
435	13
435	21
435	22
435	33
436	1357
436	121
436	637
436	280
436	13
436	10
436	4
436	104
436	14
436	5
436	21
436	55
436	12
436	91
436	401
436	142
437	2
437	4
437	14
437	299
437	33
437	12
437	13
438	148
438	17
438	18
438	43
438	182
438	12
438	13
438	33
438	45
438	10
438	142
438	209
438	116
438	14
438	247
438	102
439	2480
439	701
439	4
439	14
439	102
439	12
439	37
439	10
439	91
439	11
439	33
440	146
440	144
440	12
440	21
440	13
440	14
440	281
440	33
440	22
440	163
441	219
441	54
441	271
441	20
441	11
441	12
441	13
441	4
441	14
441	22
441	21
441	28
442	387
442	2
442	83
442	34
442	12
442	10
442	4
442	102
442	101
443	272
443	1214
443	2355
443	95
443	10
443	11
443	37
443	12
443	91
443	4
443	14
443	33
443	22
444	700
444	766
444	102
444	12
444	13
444	1863
444	167
444	553
445	2
445	128
445	43
445	117
445	13
445	20
445	91
446	350
446	1027
446	190
446	14
446	4
446	7
446	12
446	13
446	91
446	163
447	44
447	209
447	13
447	12
447	281
448	19
448	209
448	13
448	21
448	4
448	28
448	12
449	331
449	278
449	254
449	25
449	22
449	182
449	153
449	10
449	13
449	33
449	7
449	12
450	44
450	20
450	11
450	208
450	12
450	13
450	91
450	102
450	22
450	33
451	533
451	36
451	10
451	116
451	13
451	209
451	33
451	55
451	4
451	14
451	102
452	437
452	577
452	17
452	19
452	20
452	11
452	12
452	13
452	21
452	4
452	14
452	22
452	28
453	1398
453	16
453	438
453	19
453	17
453	20
453	11
453	12
453	13
453	21
453	22
453	28
453	4
453	14
453	91
454	80
454	576
454	174
454	17
454	36
454	19
454	7
454	11
454	12
454	91
454	21
454	13
454	4
454	14
454	22
454	33
455	557
455	19
455	20
455	11
455	12
455	13
455	21
455	4
455	14
455	33
456	330
456	264
456	44
456	181
456	190
456	14
456	102
456	418
456	427
456	85
456	281
456	247
456	2359
456	238
456	651
456	12
456	523
457	350
457	588
457	101
457	102
457	33
457	397
457	10
457	268
457	13
457	91
457	45
457	12
457	22
458	253
458	12
458	10
458	116
458	13
458	14
458	102
458	33
459	155
459	12
459	116
459	11
459	13
459	33
459	55
459	4
459	14
459	102
460	253
460	102
460	14
460	10
460	116
460	13
460	12
460	33
461	134
461	315
461	32
461	19
461	20
461	11
461	12
461	13
461	4
461	14
461	22
461	21
461	33
462	19
462	691
462	153
462	22
462	10
462	13
462	12
462	33
462	20
462	21
463	43
463	22
463	25
463	660
463	205
463	149
463	13
463	113
463	4
463	14
463	10
463	60
463	12
463	21
463	33
463	20
464	181
464	156
464	101
464	10
464	22
464	12
464	91
464	116
464	21
464	268
464	45
465	119
465	181
465	45
465	104
465	11
465	10
465	91
465	4
465	14
465	102
465	22
465	116
465	13
465	21
466	2481
466	125
466	34
466	12
466	10
466	4
466	14
466	129
466	11
466	344
466	4
467	171
467	350
467	14
467	102
467	95
467	128
467	11
467	21
467	12
467	13
468	146
468	256
468	36
468	19
468	7
468	11
468	12
468	13
468	91
468	237
468	4
468	14
468	22
468	33
468	55
469	547
469	315
469	103
469	7
469	11
469	12
469	10
469	237
469	22
469	33
470	186
470	36
470	7
470	12
470	116
470	14
470	102
470	11
470	33
470	237
470	91
470	4
470	1327
471	117
471	45
471	11
471	12
471	91
471	116
471	33
471	620
471	4
471	14
472	515
472	350
472	91
472	10
472	25
472	12
472	4
472	397
473	621
473	2482
473	91
473	60
473	22
474	968
474	20
474	11
474	12
474	13
474	21
474	22
474	28
474	4
475	508
475	16
475	17
475	19
475	25
475	44
475	101
475	42
475	736
475	14
475	116
475	10
475	13
475	12
475	33
476	647
476	62
476	204
476	200
476	415
476	1764
476	598
476	205
476	20
476	11
476	12
476	60
476	21
476	13
476	14
476	4
477	155
477	2
477	44
477	219
477	17
477	43
477	252
477	556
477	14
477	116
477	113
477	21
477	13
477	12
477	28
477	4
477	20
478	43
478	637
478	4
478	14
478	10
478	5
478	280
478	12
478	401
479	222
479	147
479	636
479	7
479	11
479	10
479	12
479	91
479	101
479	33
479	4
479	14
480	145
480	438
480	636
480	147
480	11
480	10
480	12
480	91
480	13
480	4
480	14
481	134
481	22
481	14
481	10
481	113
481	13
481	142
481	55
481	33
481	4
481	20
482	16
482	2483
482	17
482	44
482	186
482	2484
482	468
482	59
482	437
482	264
482	1537
482	4
482	14
482	280
482	28
482	12
482	13
482	163
483	186
483	17
483	19
483	20
483	11
483	12
483	13
483	91
483	4
483	14
483	22
483	33
484	437
484	438
484	400
484	19
484	149
484	21
484	4
484	14
484	22
484	12
484	13
485	16
485	1404
485	400
485	17
485	19
485	11
485	12
485	13
485	21
485	4
485	14
485	22
485	28
486	398
486	1404
486	271
486	19
486	11
486	12
486	13
486	28
486	21
486	22
487	186
487	430
487	44
487	19
487	20
487	11
487	12
487	13
487	21
487	4
487	14
487	22
487	28
488	739
488	12
488	91
488	237
488	116
488	4
488	102
488	287
488	2314
488	401
488	20
489	156
489	437
489	17
489	19
489	241
489	271
489	22
489	20
489	11
489	12
489	13
489	21
489	4
489	14
489	142
489	116
489	28
490	134
490	17
490	174
490	438
490	22
490	1406
490	4
490	21
490	10
490	14
490	13
490	12
490	33
491	216
491	36
491	11
491	2485
491	523
491	142
491	116
491	21
491	4
491	14
491	33
492	1672
492	4
492	44
492	19
492	20
492	11
492	12
492	10
492	13
492	22
492	33
493	93
493	4
493	12
493	11
493	14
493	135
493	165
493	10
493	91
493	116
493	33
493	142
494	437
494	664
494	174
494	1187
494	1590
494	36
494	19
494	20
494	2486
494	12
494	13
494	21
494	4
494	14
494	91
494	287
494	33
495	62
495	102
495	36
495	101
495	129
495	20
495	11
495	10
495	12
495	13
495	21
495	33
495	4
495	14
496	428
496	36
496	102
496	101
496	91
496	116
496	13
496	33
496	142
496	353
496	45
497	920
497	898
497	102
497	91
497	116
497	353
497	13
497	12
498	350
498	103
498	101
498	33
498	45
498	13
498	91
498	11
499	350
499	399
499	125
499	101
499	34
499	1384
499	427
499	4
499	91
500	43
500	113
500	91
500	12
500	4
500	14
500	102
500	22
500	20
501	117
501	290
501	55
501	91
501	1225
501	12
501	20
502	300
502	2487
502	45
502	12
502	13
502	104
502	2488
502	2433
502	14
502	102
502	133
503	19
503	26
503	271
503	20
503	12
503	13
503	21
503	28
503	22
504	2489
504	216
504	12
504	11
504	427
504	13
504	91
504	128
504	22
504	4
504	14
504	33
505	2448
505	437
505	663
505	410
505	285
505	1530
505	12
505	37
505	11
505	33
505	14
506	40
506	437
506	19
506	22
506	10
506	21
506	4
506	113
506	14
506	12
506	33
506	13
506	20
507	44
507	437
507	20
507	11
507	12
507	10
507	91
507	13
507	4
507	14
507	22
507	33
508	46
508	25
508	437
508	20
508	11
508	12
508	10
508	13
508	21
508	14
508	4
508	22
508	33
509	428
509	437
509	102
509	7
509	11
509	12
509	10
509	13
509	22
509	4
509	14
509	33
510	602
510	437
510	438
510	174
510	19
510	271
510	173
510	20
510	11
510	12
510	13
510	91
510	21
510	4
510	14
510	22
510	28
511	80
511	44
511	101
511	19
511	7
511	318
511	11
511	12
511	13
511	4
511	14
511	102
511	22
511	329
512	1584
512	79
512	2
512	11
512	13
512	21
512	4
512	14
512	22
512	28
512	20
513	2013
513	91
513	60
513	22
514	511
514	205
514	14
514	102
514	12
514	60
514	743
514	113
514	10
514	20
515	117
515	14
515	36
515	4
515	33
515	163
515	116
515	280
515	20
515	12
515	13
516	93
516	271
516	25
516	44
516	17
516	2490
516	36
516	2491
516	1151
516	12
516	13
516	21
516	4
516	14
516	280
516	116
516	142
516	20
517	557
517	20
517	12
517	13
517	11
517	4
517	14
517	33
517	21
517	22
518	557
518	20
518	11
518	12
518	13
518	21
518	4
518	14
518	22
518	33
519	557
519	266
519	20
519	11
519	12
519	13
519	28
519	21
519	33
519	4
519	14
519	22
520	557
520	430
520	20
520	11
520	13
520	12
520	33
520	4
520	22
520	14
521	557
521	19
521	20
521	11
521	12
521	13
521	21
521	33
521	4
521	14
521	22
522	557
522	580
522	20
522	11
522	12
522	13
522	21
522	4
522	14
522	33
522	22
523	81
523	521
523	102
523	14
523	101
523	12
523	13
523	268
523	21
523	45
523	33
524	573
524	101
524	102
524	33
524	13
524	116
524	91
524	45
524	12
524	499
524	104
525	18
525	102
525	101
525	91
525	13
525	33
525	12
525	499
525	104
526	375
526	44
526	25
526	20
526	11
526	12
526	116
526	91
526	10
526	13
526	4
526	14
526	102
526	22
526	33
526	499
526	104
527	573
527	102
527	181
527	91
527	33
527	13
527	116
527	45
527	499
527	104
528	101
528	2355
528	281
529	166
529	12
529	37
529	11
529	102
529	111
529	499
529	91
529	45
530	171
530	111
530	102
530	33
530	12
530	13
531	117
531	102
531	14
531	111
531	101
531	4
531	10
531	12
531	85
531	91
532	582
532	20
532	12
532	13
532	11
532	4
532	14
532	101
532	111
532	10
533	134
533	111
533	101
533	44
533	103
533	12
533	10
533	116
533	91
534	1825
534	101
534	102
534	4
534	13
534	91
534	290
534	33
534	111
534	45
535	115
535	111
535	10
535	33
535	268
535	142
535	13
535	91
535	21
535	45
536	51
536	45
536	11
536	290
536	4
536	14
536	129
536	10
536	12
536	116
536	13
536	21
536	33
536	142
537	173
537	10
537	12
537	111
537	7
537	290
538	16
538	303
538	32
538	36
538	19
538	7
538	11
538	12
538	13
538	91
538	21
538	55
538	14
538	4
538	22
538	33
539	547
539	174
539	32
539	36
539	19
539	7
539	11
539	12
539	13
539	91
539	21
539	4
539	14
539	329
539	22
539	55
539	33
540	1117
540	19
540	36
540	7
540	11
540	12
540	116
540	91
540	13
540	55
540	4
540	14
540	33
540	21
541	134
541	20
541	11
541	12
541	104
541	13
541	142
541	116
541	33
541	4
541	102
541	14
542	141
542	173
542	22
542	60
542	10
542	4
542	13
542	116
542	12
542	113
542	33
542	4
542	20
542	14
543	195
543	173
543	36
543	7
543	11
543	290
543	12
543	10
543	60
543	116
543	4
543	14
543	33
544	468
544	438
544	116
544	4
544	60
544	14
544	13
544	113
544	12
544	10
544	33
545	431
545	11
545	60
545	10
545	116
545	12
545	33
545	4
545	14
546	196
546	530
546	174
546	430
546	36
546	173
546	620
546	45
546	33
546	11
546	12
546	116
546	60
546	4
546	14
546	290
547	134
547	95
547	18
547	101
547	14
547	102
547	205
547	204
547	2386
547	2492
547	12
547	60
547	268
547	13
548	119
548	1739
548	4
548	112
548	91
548	12
548	427
548	19
548	281
549	446
549	45
549	12
549	13
549	37
549	499
549	210
549	1235
549	2476
549	14
549	4
549	11
549	129
549	2103
549	33
549	133
549	2291
550	314
550	4
550	14
550	11
550	12
550	13
550	142
550	116
550	33
551	548
551	101
551	103
551	142
551	91
551	353
551	13
551	33
552	355
552	858
552	19
552	12
552	10
552	37
552	33
552	22
552	199
552	4
553	2242
553	85
553	10
553	184
553	79
553	91
553	523
553	4
553	21
553	14
553	53
553	102
553	40
553	36
554	2242
554	85
554	10
554	184
554	79
554	91
554	523
554	4
554	21
554	14
554	53
554	102
554	40
554	36
555	1208
555	437
555	22
555	438
555	17
555	153
555	639
555	427
555	12
555	21
555	13
555	33
555	20
556	547
556	315
556	36
556	19
556	241
556	7
556	11
556	12
556	91
556	13
556	21
556	4
556	22
556	33
557	1170
557	25
557	44
557	292
557	573
557	169
557	241
557	45
557	11
557	12
557	13
557	91
557	21
557	22
557	237
557	649
558	547
558	438
558	174
558	17
558	149
558	1187
558	36
558	19
558	7
558	11
558	12
558	13
558	22
558	21
558	33
558	4
558	14
559	547
559	36
559	19
559	7
559	11
559	12
559	13
559	21
559	91
559	4
559	14
559	22
559	33
559	237
560	222
560	438
560	148
560	36
560	17
560	19
560	241
560	7
560	11
560	12
560	13
560	91
560	55
560	102
560	14
560	22
560	33
561	547
561	17
561	36
561	19
561	378
561	241
561	20
561	11
561	12
561	13
561	91
561	21
561	4
561	14
561	22
561	33
562	16
562	17
562	36
562	18
562	19
562	241
562	378
562	7
562	11
562	12
562	91
562	13
562	21
562	4
562	14
562	22
562	33
563	146
563	573
563	36
563	418
563	19
563	241
563	33
563	45
563	4
563	14
563	11
563	12
563	237
563	91
563	22
563	13
563	21
564	40
564	2493
564	1498
564	12
564	21
564	91
564	37
564	4
564	14
564	102
564	1001
564	509
565	40
565	2493
565	36
565	12
565	21
565	91
565	37
565	4
565	14
565	102
565	2494
565	509
566	130
566	102
566	36
566	4
566	14
566	13
566	268
566	21
566	91
566	10
566	142
566	33
566	353
566	55
567	2187
567	2188
567	2189
567	10
567	12
567	13
567	238
567	102
567	14
567	55
567	4
567	553
568	530
568	342
568	196
568	101
568	116
568	113
568	12
568	13
568	4
568	14
568	22
568	20
569	1472
569	2495
569	95
569	254
569	25
569	280
569	116
569	10
569	103
569	4
569	14
569	33
570	386
570	36
570	274
570	101
570	44
570	280
570	95
570	12
570	103
570	10
570	13
570	116
570	21
570	22
570	129
570	401
570	4
570	20
570	14
571	62
571	274
571	103
571	101
571	22
571	36
571	4
571	14
571	113
571	10
571	12
571	33
571	13
571	20
572	532
572	40
572	2
572	19
572	1025
572	20
572	12
572	13
572	10
572	116
572	112
572	4
572	22
572	28
573	667
573	388
573	101
573	254
573	103
573	22
573	13
573	33
573	20
573	12
574	867
574	36
574	274
574	101
574	129
574	102
574	20
574	11
574	12
574	10
574	13
574	21
574	33
574	4
574	14
575	49
575	44
575	359
575	104
575	133
575	112
575	91
575	275
575	318
575	13
575	37
576	155
576	274
576	101
576	103
576	254
576	22
576	13
576	12
576	33
576	20
577	468
577	274
577	44
577	25
577	101
577	22
577	102
577	11
577	12
577	10
577	13
577	20
577	33
578	43
578	37
578	12
578	60
578	14
578	11
578	359
578	121
578	45
578	687
578	36
578	199
578	302
578	79
579	143
579	274
579	2
579	101
579	103
579	20
579	11
579	12
579	13
579	116
579	499
579	22
579	33
580	156
580	274
580	25
580	44
580	2
580	101
580	102
580	20
580	11
580	12
580	10
580	13
580	22
580	33
581	146
581	115
581	101
581	12
581	10
581	116
581	13
581	22
581	19
581	583
581	33
582	852
582	2496
582	2215
582	125
582	103
582	25
582	45
582	12
582	13
582	37
582	11
582	10
582	275
582	318
582	14
582	33
583	337
583	524
583	14
583	439
583	12
583	10
583	37
583	275
583	599
584	530
584	196
584	342
584	22
584	116
584	101
584	113
584	13
584	4
584	12
584	14
584	20
585	1111
585	2497
585	359
585	45
585	12
585	13
585	121
585	11
585	14
585	21
585	4
586	700
586	18
586	437
586	17
586	19
586	7
586	11
586	12
586	13
586	21
586	4
586	14
586	22
586	241
587	17
587	186
587	19
587	20
587	11
587	12
587	13
587	21
587	4
587	14
587	22
587	33
588	42
588	412
588	19
588	36
588	11
588	12
588	13
588	21
588	4
588	14
588	22
588	28
589	42
589	412
589	19
589	101
589	20
589	11
589	12
589	13
589	4
589	14
589	22
589	33
590	148
590	679
590	11
590	12
590	13
590	21
590	4
590	14
590	28
591	38
591	438
591	55
591	13
591	11
591	4
591	12
591	14
591	91
591	33
592	156
592	35
592	36
592	11
592	12
592	13
592	21
592	4
592	14
592	28
592	553
593	156
593	157
593	32
593	302
593	95
593	19
593	7
593	12
593	13
593	324
593	11
593	102
593	287
593	33
594	468
594	187
594	36
594	11
594	12
594	10
594	91
594	142
594	13
594	55
594	4
594	14
595	685
595	78
595	400
595	12
595	13
595	21
595	4
595	28
596	1363
596	508
596	19
596	20
596	11
596	12
596	13
596	21
596	4
596	22
596	33
597	16
597	1494
597	643
597	54
597	1530
597	12
597	37
597	91
597	10
597	11
597	33
597	21
597	4
597	14
598	16
598	182
598	643
598	54
598	19
598	12
598	37
598	91
598	10
598	11
598	33
598	21
598	4
598	14
599	186
599	17
599	44
599	26
599	266
599	19
599	22
599	476
599	28
599	12
599	13
599	21
600	795
600	2
600	44
600	266
600	103
600	25
600	21
600	10
600	13
600	12
600	20
601	795
601	16
601	19
601	11
601	12
601	13
601	21
601	22
601	28
602	2380
602	40
602	464
602	25
602	19
602	36
602	4
602	14
602	12
602	37
602	21
602	33
602	22
603	796
603	40
603	464
603	25
603	19
603	36
603	4
603	14
603	12
603	37
603	21
603	33
603	22
604	19
604	1158
604	796
604	12
604	28
605	40
605	1530
605	437
605	12
605	13
605	10
605	280
605	4
605	14
605	22
605	287
605	245
605	20
606	40
606	19
606	437
606	12
606	13
606	10
606	280
606	4
606	14
606	22
606	287
606	1888
606	20
607	547
607	25
607	254
607	580
607	19
607	7
607	20
607	11
607	12
607	10
607	91
607	13
607	21
607	22
607	4
607	14
607	33
608	156
608	580
608	25
608	4
608	20
608	11
608	10
608	12
608	21
608	13
608	22
608	33
609	43
609	331
609	36
609	20
609	11
609	12
609	13
609	21
609	33
609	10
609	4
609	142
609	14
610	222
610	438
610	174
610	36
610	19
610	11
610	12
610	91
610	13
610	33
610	55
610	4
610	14
610	22
610	45
611	222
611	12
611	268
611	10
611	91
611	13
611	757
611	129
611	14
611	112
612	2498
612	12
612	268
612	91
613	700
613	26
613	160
613	12
613	37
613	4
613	28
613	128
614	43
614	7
614	14
614	11
614	12
614	10
614	91
614	116
614	33
614	55
614	101
614	4
614	277
615	174
615	19
615	959
615	2499
615	94
615	302
615	299
615	91
615	60
616	795
616	19
616	17
616	271
616	20
616	11
616	12
616	13
616	4
616	14
616	21
616	28
617	2500
617	19
617	17
617	2501
617	4
617	12
617	37
617	21
618	437
618	1187
618	271
618	17
618	19
618	20
618	11
618	13
618	22
618	28
619	473
619	20
619	91
619	22
620	375
620	79
620	271
620	26
620	12
620	113
620	21
620	13
620	4
620	33
620	14
620	20
621	468
621	1187
621	17
621	36
621	19
621	237
621	7
621	11
621	12
621	13
621	21
621	33
621	4
621	14
621	55
621	22
622	192
622	241
622	19
622	4
622	14
622	45
622	12
622	13
622	11
623	155
623	736
623	101
623	19
623	20
623	11
623	12
623	13
623	22
623	33
624	2502
624	2503
624	12
624	509
624	37
624	11
624	14
624	2504
625	43
625	675
625	19
625	20
625	11
625	12
625	13
625	21
625	4
625	14
625	22
625	33
626	155
626	19
626	2
626	148
626	25
626	17
626	4
626	21
626	13
626	12
626	28
626	20
627	2505
627	103
627	45
627	12
627	13
627	318
627	1191
627	402
627	436
627	11
627	33
627	4
628	852
628	36
628	13
628	33
629	16
629	153
629	32
629	2506
629	12
629	37
629	22
629	4
629	14
629	19
630	582
630	181
630	32
630	256
630	101
630	14
630	10
630	91
630	12
630	268
630	4
630	45
631	1363
631	813
631	17
631	219
631	148
631	149
631	26
631	11
631	12
631	13
631	21
631	4
631	14
631	28
632	2507
632	2508
632	45
632	12
632	13
632	37
632	318
632	11
632	14
632	129
632	2433
632	2492
632	33
633	43
633	11
633	12
633	10
633	13
633	33
633	434
633	4
633	14
634	547
634	25
634	148
634	331
634	299
634	45
634	241
634	13
634	12
634	10
635	530
635	12
635	91
635	55
636	151
636	25
636	32
636	299
636	28
636	45
636	33
636	12
636	13
636	91
636	10
637	134
637	25
637	400
637	190
637	19
637	12
637	13
637	320
637	20
637	299
638	244
638	12
638	116
638	14
638	102
638	55
638	101
638	11
638	2509
638	1191
638	91
638	4
639	614
639	7
639	12
639	13
639	14
639	102
639	318
639	33
639	112
639	4
639	275
639	91
639	687
639	436
640	216
640	283
640	22
640	1070
640	169
640	12
640	11
640	4
640	14
640	102
640	37
640	21
640	91
640	33
640	133
640	7
641	134
641	19
641	418
641	101
641	36
641	241
641	45
641	11
641	12
641	13
641	91
641	4
641	14
641	33
641	22
641	55
642	145
642	36
642	19
642	7
642	12
642	91
642	11
642	10
642	33
642	4
642	14
642	55
642	22
643	145
643	143
643	25
643	101
643	103
643	14
643	4
643	10
643	11
643	12
643	13
643	21
643	129
643	22
643	45
644	186
644	675
644	36
644	22
644	19
644	237
644	113
644	4
644	14
644	55
644	13
644	12
644	20
644	33
645	134
645	2
645	44
645	266
645	22
645	25
645	103
645	19
645	4
645	14
645	21
645	113
645	10
645	13
645	12
645	20
646	119
646	40
646	1995
646	14
646	4
646	7
646	12
646	13
646	191
646	21
646	280
646	238
646	245
647	19
647	119
647	4
647	12
647	13
647	10
647	21
647	45
648	379
648	16
648	20
648	85
648	523
648	19
648	4
648	14
648	28
648	12
649	156
649	2
649	115
649	44
649	12
649	13
649	10
649	11
649	22
649	33
650	429
650	219
650	17
650	26
650	28
650	11
650	12
650	13
650	21
650	4
650	14
650	142
650	116
651	2113
651	40
651	44
651	25
651	271
651	14
651	13
651	12
651	21
651	121
651	102
651	4
651	28
652	16
652	19
652	613
652	2510
652	12
652	22
652	4
652	14
652	11
652	20
653	143
653	16
653	17
653	25
653	19
653	20
653	11
653	12
653	13
653	21
653	4
653	22
653	28
654	43
654	331
654	4
654	25
654	54
654	12
654	13
654	268
654	22
654	45
655	323
655	271
655	20
655	11
655	12
655	13
655	21
655	28
655	4
655	14
656	410
656	437
656	17
656	438
656	19
656	174
656	271
656	20
656	11
656	12
656	13
656	21
656	91
656	22
656	28
657	32
657	2511
657	134
657	19
657	174
657	20
657	11
657	12
657	13
657	21
657	91
657	4
657	14
657	22
657	28
658	77
658	196
658	26
658	102
658	28
658	11
658	12
658	13
658	4
658	14
658	21
658	116
659	16
659	219
659	25
659	44
659	17
659	438
659	19
659	20
659	11
659	12
659	13
659	21
659	4
659	14
659	22
659	28
660	1608
660	438
660	17
660	19
660	4
660	21
660	13
660	12
660	28
660	20
661	186
661	17
661	44
661	26
661	94
661	19
661	36
661	20
661	11
661	12
661	13
661	91
661	21
661	237
661	4
661	14
661	22
661	28
662	117
662	157
662	254
662	22
662	17
662	25
662	241
662	19
662	4
662	237
662	14
662	36
662	13
662	12
662	91
662	33
662	113
662	20
663	437
663	157
663	292
663	17
663	19
663	22
663	241
663	13
663	20
663	36
663	33
663	12
664	46
664	432
664	437
664	302
664	271
664	438
664	174
664	20
664	11
664	12
664	13
664	21
664	22
664	4
664	14
664	91
665	547
665	17
665	418
665	36
665	19
665	378
665	241
665	20
665	11
665	91
665	12
665	13
665	21
665	4
665	14
665	22
665	33
666	145
666	13
666	418
666	55
666	664
666	17
666	4
666	36
666	14
666	19
666	287
666	167
666	280
666	401
666	12
666	7
666	91
667	278
667	102
667	101
667	4
667	36
667	91
667	13
667	353
667	142
667	33
667	55
667	116
668	78
668	418
668	315
668	4
668	14
668	10
668	91
669	16
669	959
669	302
669	19
669	7
669	11
669	12
669	91
669	418
669	4
669	22
669	241
670	26
670	2
670	153
670	19
670	21
670	13
670	12
670	20
671	44
671	101
671	103
671	20
671	11
671	12
671	10
671	13
671	55
671	33
671	22
672	43
672	101
672	103
672	22
672	7
672	11
672	12
672	13
672	55
672	10
672	116
672	33
673	314
673	14
673	101
673	4
673	102
673	12
673	13
673	55
673	33
673	142
673	91
673	116
674	330
674	10
674	95
674	116
674	102
674	13
674	7
674	55
674	22
674	11
674	33
674	12
675	72
675	101
675	103
675	7
675	11
675	12
675	13
675	10
675	116
675	55
675	22
676	145
676	17
676	418
676	36
676	19
676	241
676	438
676	4
676	14
676	55
676	33
676	22
676	91
677	1531
677	101
677	14
677	10
677	113
677	12
677	13
677	102
677	33
677	20
677	22
678	1531
678	101
678	22
678	13
678	14
678	12
678	113
678	102
678	10
678	33
678	20
679	330
679	101
679	103
679	436
679	20
679	11
679	10
679	12
679	13
679	14
679	33
679	22
680	2512
680	134
680	19
680	11
680	12
680	4
680	14
680	22
680	13
680	21
680	28
681	43
681	102
681	316
681	12
681	21
681	746
681	268
682	2513
682	125
682	125
682	111
682	34
682	12
682	116
682	37
682	14
682	102
682	11
682	91
682	1191
682	21
683	16
683	4
683	14
683	12
683	13
683	10
683	789
684	431
684	2514
684	2
684	44
684	17
684	294
684	264
684	19
684	11
684	523
684	4
684	14
684	21
684	28
685	117
685	149
685	17
685	438
685	12
685	13
685	113
685	21
685	14
685	4
685	28
685	116
686	24
686	437
686	1020
686	101
686	271
686	438
686	174
686	20
686	11
686	12
686	13
686	22
686	28
686	4
686	14
686	91
687	78
687	59
687	43
687	17
687	26
687	400
687	113
687	4
687	21
687	13
687	12
687	28
687	20
688	15
688	379
688	2515
688	600
688	219
688	44
688	17
688	24
688	285
688	43
688	1105
688	102
688	11
688	12
688	13
688	21
688	4
688	14
688	1888
688	28
689	575
689	91
689	116
689	12
689	4
689	14
689	102
689	22
689	11
689	320
689	287
689	91
689	116
690	62
690	2465
690	200
690	204
690	70
690	60
690	280
690	4
690	14
690	21
690	13
690	12
690	20