0	361
0	1592
0	281
0	36
0	101
0	4
0	12
0	33
0	10
0	247
0	1001
1	2569
1	25
1	1605
1	1816
1	174
1	4
1	280
1	33
2	156
2	16
2	17
2	254
2	32
2	12
2	13
2	21
2	11
2	22
2	20
3	2570
3	437
3	337
3	256
3	281
3	352
3	2571
3	2572
3	2573
3	121
3	13
3	12
3	238
3	2574
3	21
3	19
3	1186
4	43
4	1608
4	1444
4	1039
4	1038
4	1049
4	318
4	10
4	60
4	1375
4	12
4	33
5	2575
5	2576
5	102
5	14
5	4
5	238
5	21
5	2577
5	12
5	13
5	11
6	16
6	134
6	44
6	53
6	19
6	22
6	237
6	12
6	14
6	113
6	1525
6	4
7	2578
7	174
7	1925
7	968
7	264
7	102
7	148
7	4
7	14
7	91
7	12
8	417
8	17
8	46
8	43
8	44
8	654
8	157
8	10
8	91
8	427
8	22
8	113
8	4
8	13
8	593
8	238
8	610
9	43
9	17
9	2579
9	25
9	2580
9	280
9	12
9	13
9	1151
9	21
9	35
10	216
10	13
10	2581
10	12
11	2
11	437
11	156
11	25
11	19
11	12
11	13
11	22
11	7
12	2
12	357
12	7
12	2582
12	4
12	40
12	13
12	12
12	10
12	21
12	22
12	287
13	43
13	7
13	12
13	13
13	4
13	14
13	33
13	36
13	12
13	131
13	20
14	156
14	144
14	363
14	54
14	34
14	12
14	37
14	14
14	102
14	22
14	290
15	2583
15	102
15	256
15	281
15	1017
15	280
15	427
15	91
15	116
16	18
16	10
16	13
16	33
16	1042
17	186
17	46
17	17
17	44
17	153
17	187
17	14
17	4
17	11
17	33
17	12
17	13
17	21
18	437
18	576
18	17
18	19
18	7
18	12
18	13
18	22
19	910
19	91
19	268
19	208
19	12
19	45
20	29
20	25
20	675
20	44
20	19
20	102
20	12
20	21
20	113
20	22
20	14
20	33
20	7
21	222
21	44
21	101
21	25
21	54
21	675
21	22
21	21
21	33
21	12
21	91
21	13
21	11
21	14
21	102
21	7
22	437
22	44
22	256
22	675
22	54
22	101
22	242
22	14
22	102
22	21
22	33
22	113
22	20
23	134
23	25
23	410
23	17
23	19
23	36
23	4
23	14
23	12
23	37
23	11
23	21
23	22
24	266
24	155
24	1163
24	156
24	46
24	17
24	25
24	12
24	21
25	2584
25	577
25	4
25	95
25	394
25	2585
25	12
25	91
25	397
26	1077
26	396
26	102
26	10
26	105
26	33
26	5
26	12
27	799
27	2
27	12
27	10
27	102
27	33
27	5
27	105
28	24
28	43
28	284
28	530
28	15
28	149
28	25
28	219
28	17
28	44
28	2586
28	578
28	12
28	13
28	22
28	10
29	46
29	530
29	2011
29	18
29	160
29	4
29	95
29	190
29	325
29	21
30	2587
30	2
30	351
30	256
30	506
30	12
30	37
30	91
30	10
30	33
31	547
31	14
31	4
31	36
31	12
31	11
31	10
31	91
31	116
31	13
31	22
31	34
32	145
32	13
32	12
32	838
32	102
32	10
32	91
32	11
32	33
32	21
32	14
32	4
32	45
33	742
33	265
33	437
33	1605
33	1294
33	4
33	174
33	1657
33	12
33	238
33	13
33	167
33	95
34	166
34	437
34	391
34	20
34	45
34	12
34	13
34	91
34	21
34	214
35	17
35	46
35	379
35	44
35	51
35	219
35	15
35	43
35	128
35	25
35	220
35	963
35	686
35	12
35	10
35	13
35	14
35	129
35	11
35	4
35	20
35	476
36	739
36	36
36	2
36	19
36	7
36	11
36	13
36	12
36	116
36	22
36	4
36	14
36	1997
36	393
36	33
37	2588
37	577
37	12
37	895
37	85
37	21
38	43
38	14
38	4
38	10
38	11
38	55
38	7
39	218
39	147
39	24
39	149
39	2589
39	303
39	2305
39	2025
39	958
39	138
39	91
39	2590
40	2096
40	12
40	121
40	1427
40	306
40	238
40	91
40	17
40	558
40	181
40	264
40	95
40	2591
41	519
41	799
41	14
41	190
41	12
41	13
41	102
41	2577
41	1224
41	318
41	33
41	21
41	22
41	1813
42	1208
42	2541
42	19
42	12
42	280
42	13
43	145
43	24
43	556
43	12
43	13
43	277
43	45
43	427
43	113
44	44
44	62
44	25
44	79
44	102
44	14
44	318
44	91
44	347
44	397
44	22
45	1398
45	44
45	14
45	4
45	113
45	33
45	13
45	22
45	102
45	1411
45	7
46	25
46	43
46	125
46	7
46	12
46	13
46	4
46	14
46	318
46	33
46	22
46	91
47	222
47	347
47	55
47	14
47	33
47	247
47	4
47	142
48	959
48	91
48	22
49	72
49	4
49	10
49	116
49	91
49	13
49	33
49	247
49	142
49	55
50	1147
50	737
50	1262
50	2592
50	12
50	898
50	21
51	847
51	18
51	14
51	116
51	10
51	33
51	12
51	13
52	330
52	2593
52	4
52	868
52	2363
52	1468
52	2594
52	21
52	102
52	2595
52	383
52	148
52	91
52	238
53	578
53	1104
53	4
53	14
53	10
53	91
53	11
54	264
54	414
54	81
54	329
54	10
54	14
54	22
54	91
54	4
54	128
54	28
55	437
55	26
55	4
55	12
55	13
55	33
55	21
56	79
56	270
56	1386
56	156
56	83
56	103
56	148
56	34
56	12
56	37
56	14
56	11
57	122
57	181
57	102
57	281
57	2596
57	1328
58	51
58	2
58	268
58	10
58	567
58	12
58	91
58	33
59	51
59	36
59	10
59	60
59	13
59	1582
59	623
59	313
59	21
60	40
60	606
60	91
60	10
60	245
61	24
61	578
61	2
61	219
61	441
61	16
61	530
61	284
61	17
61	184
61	12
61	13
61	22
62	547
62	102
62	1479
62	113
63	29
63	26
63	691
63	2
63	17
63	1608
63	2597
63	445
63	430
63	2598
63	20
63	13
63	91
63	12
63	11
63	14
63	427
63	21
63	36
63	277
64	1208
64	1254
64	628
64	315
64	14
64	113
64	7
65	1208
65	266
65	700
65	241
65	12
65	427
65	7
66	77
66	2599
66	264
66	12
66	11
66	21
66	4
66	44
66	13
66	14
66	128
67	77
67	44
67	4
67	14
67	128
67	11
67	13
67	12
67	21
68	77
68	2600
68	264
68	44
68	4
68	14
68	11
68	128
68	13
68	12
68	21
69	437
69	588
69	438
69	54
69	22
69	427
69	113
69	12
69	4
69	13
69	45
69	91
69	21
69	102
69	33
70	2601
70	102
70	14
70	4
70	1001
70	247
71	1398
71	2602
71	25
71	237
71	91
71	10
71	4
71	523
72	2081
72	2602
72	25
72	237
72	91
72	10
72	4
72	523
73	578
73	1104
73	286
73	737
73	1049
73	4
73	1055
73	105
73	10
73	91
73	33
73	12
74	19
74	125
74	125
74	256
74	34
74	12
74	324
74	22
74	237
74	91
74	21
75	253
75	959
75	101
75	19
75	4
75	102
75	45
75	91
75	116
75	299
75	12
75	13
76	911
76	19
76	4
76	12
76	22
76	7
76	44
76	101
76	102
76	33
76	994
76	287
76	91
76	116
77	292
77	43
77	256
77	257
77	102
77	14
77	112
77	12
77	91
77	13
77	33
77	11
77	22
77	7
78	330
78	521
78	190
78	256
78	102
78	257
78	12
78	2603
79	43
79	292
79	22
79	256
79	12
79	91
79	257
79	13
79	102
79	33
79	14
79	11
79	101
79	7
80	222
80	1025
80	101
80	13
80	33
80	4
80	21
80	102
80	11
80	91
80	12
80	7
81	2
81	19
81	34
81	12
81	10
81	397
81	22
81	128
82	355
82	1020
82	14
82	11
82	318
82	22
82	4
82	320
82	1523
83	428
83	1036
83	14
83	102
83	45
84	1036
84	2
84	22
84	12
84	45
85	1531
85	24
85	156
85	2604
85	523
85	2605
85	318
85	7
85	12
85	13
85	287
85	91
85	280
85	102
85	14
86	2606
86	167
86	1530
86	12
86	37
86	55
86	4
86	36
86	33
86	21
86	509
87	134
87	43
87	679
87	40
87	156
87	908
87	25
87	54
87	13
87	1328
87	11
87	299
87	10
87	318
87	45
88	1837
88	473
88	25
88	54
88	44
88	2607
88	12
88	37
88	21
88	14
88	4
88	509
88	33
88	128
89	1177
89	104
89	25
89	54
89	44
89	638
89	12
89	37
89	21
89	14
89	4
89	509
89	33
89	128
90	1393
90	264
90	43
90	14
90	21
90	12
90	91
91	241
91	46
91	437
91	181
91	57
91	19
91	14
91	11
91	12
91	21
91	22
91	33
92	573
92	42
92	12
92	13
92	128
92	22
93	328
93	700
93	147
93	2162
93	223
93	12
93	104
93	55
93	37
93	13
94	2608
94	2609
94	14
94	1334
94	12
95	24
95	605
95	1965
95	1608
95	2
95	17
95	12
95	13
95	280
96	178
96	19
96	366
96	13
96	284
96	12
96	2610
96	287
96	1261
96	20
96	17
97	1337
97	558
97	17
97	2611
97	91
97	12
97	242
97	19
97	2581
97	13
98	2
98	181
98	54
98	103
98	104
98	10
98	12
98	13
98	11
98	22
98	116
98	7
99	1065
99	19
99	105
99	103
99	101
99	14
99	128
100	575
100	26
100	94
100	256
100	102
100	620
100	2612
100	2613
100	14
100	623
100	696
100	12
100	21
101	43
101	2614
101	91
101	927
101	7
101	2615
101	238
101	2616
101	95
102	101
102	34
102	10
102	14
102	11
102	4
102	183
102	2108
103	303
103	17
103	26
103	44
103	679
103	427
103	12
103	13
103	113
103	28
103	20
104	959
104	316
104	1243
104	91
104	1361
105	2617
105	255
105	40
105	968
105	696
105	14
105	106
105	12
105	91
105	1836
105	21
106	942
106	25
106	144
106	1088
106	149
106	125
106	7
106	91
106	13
106	12
106	37
106	10
106	22
107	284
107	4
107	95
107	33
108	284
108	4
108	95
108	33
108	12
108	13
108	11
108	20
108	14
108	287
108	21
109	156
109	14
109	12
109	11
110	284
110	14
110	290
110	12
110	45
110	116
111	14
111	4
111	102
111	369
111	318
111	91
111	12
111	280
111	21
111	238
112	117
112	22
112	91
112	14
112	318
112	4
112	102
112	33
112	277
112	113
112	12
112	13
112	21
112	7
113	117
113	14
113	4
113	102
113	277
113	12
113	13
113	91
113	318
113	113
113	33
113	22
113	21
113	45
114	314
114	14
114	4
114	91
114	13
114	45
115	2618
115	14
115	4
115	2619
115	868
115	95
115	280
115	91
115	21
116	16
116	25
116	14
116	4
116	45
116	12
116	13
116	10
116	21
116	104
116	91
116	299
117	1608
117	959
117	14
117	19
117	22
117	102
117	4
117	101
117	12
117	13
117	91
117	121
117	33
117	113
117	45
118	920
118	101
118	45
118	36
118	4
118	102
118	12
118	13
118	10
118	299
119	40
119	558
119	93
119	148
119	2620
119	266
119	4
119	14
119	238
119	21
120	466
120	256
120	144
120	102
120	14
120	329
120	113
120	12
120	13
120	33
120	22
120	21
120	45
121	145
121	91
121	111
121	102
121	12
121	13
121	14
121	113
121	10
121	45
122	77
122	205
122	204
122	22
122	277
122	14
122	4
122	12
122	13
122	113
122	45
123	2621
123	2622
123	19
123	4
123	12
123	21
124	284
124	437
124	701
124	691
124	1294
124	12
124	91
124	106
124	4
124	14
124	281
124	19
124	238
125	437
125	46
125	1444
125	400
125	25
125	4
125	14
125	22
125	12
125	21
126	206
126	437
126	95
126	25
126	4
126	85
126	12
126	128
126	105
126	33
127	261
127	222
127	675
127	508
127	12
127	14
127	11
127	22
127	45
127	91
128	2623
128	187
128	174
128	1605
128	20
128	401
128	280
128	4
128	13
128	287
129	284
129	437
129	1330
129	19
129	25
129	174
129	1649
129	22
129	2624
129	20
129	675
129	12
129	13
129	21
129	101
129	14
129	401
130	196
130	160
130	25
130	17
130	181
130	12
130	91
130	397
131	122
131	1213
131	2625
131	101
131	281
131	10
131	91
131	11
131	13
131	4
131	14
131	55
131	1813
132	84
132	620
132	12
132	13
132	91
132	33
132	45
133	346
133	277
133	14
133	102
133	104
133	12
133	33
133	13
133	91
133	21
133	113
133	7
134	330
134	14
134	101
134	55
134	4
134	509
134	11
134	12
134	13
134	33
135	2
135	1306
135	13
135	10
135	36
136	2626
136	219
136	437
136	1159
136	766
136	190
136	157
136	36
136	105
136	12
136	91
136	397
136	21
136	238
136	20
137	410
137	219
137	19
137	45
137	12
137	13
137	11
137	299
138	79
138	219
138	610
138	12
138	13
138	167
138	7
139	166
139	53
139	102
139	11
139	116
139	91
139	10
139	12
140	43
140	17
140	38
140	22
140	12
140	13
140	11
140	33
140	128
140	20
141	10
141	8
141	60
141	106
141	12
141	33
141	2049
141	129
141	757
141	55
141	698
141	2627
142	79
142	190
142	18
142	14
142	101
142	12
142	121
142	91
143	145
143	2628
143	12
143	21
143	113
143	746
144	145
144	12
144	10
144	21
144	113
144	177
145	38
145	437
145	1141
145	1136
145	1039
145	190
145	4
145	318
145	10
145	91
145	33
145	105
146	43
146	33
146	106
146	14
146	4
146	12
146	626
146	13
147	2
147	190
147	264
147	868
147	214
147	242
147	12
147	281
147	91
147	238
147	21
148	173
148	45
148	4
148	14
148	12
148	10
148	11
148	241
148	22
148	19
149	22
149	12
149	36
149	499
150	2
150	12
150	91
150	10
150	268
151	12
151	10
151	91
151	1225
152	214
152	22
152	437
152	44
152	20
152	12
152	13
152	91
152	238
152	21
153	507
153	256
153	19
153	872
153	190
153	1049
153	12
153	91
153	21
154	2
154	91
154	12
154	10
154	241
154	22
154	19
154	45
155	2
155	91
155	10
155	1225
155	12
155	13
156	852
156	221
156	2
156	91
156	12
156	113
157	2
157	101
157	25
157	256
157	14
157	102
157	509
157	283
157	111
157	125
157	116
157	37
158	409
158	12
158	14
158	4
159	656
159	4
159	14
159	102
159	101
159	2629
159	10
159	397
159	106
160	145
160	10
160	13
160	4
160	11
160	91
160	55
161	2630
161	111
161	34
161	12
161	14
161	102
161	83
161	131
161	320
161	1191
161	113
161	91
162	62
162	174
162	54
162	2597
162	262
162	34
162	12
162	102
162	347
162	2108
162	290
163	12
163	10
163	55
163	129
163	91
163	268
164	79
164	213
164	2481
164	1386
164	148
164	410
164	12
164	45
165	266
165	148
165	102
165	1049
165	105
165	91
165	12
165	33
166	428
166	396
166	104
166	125
166	85
166	14
166	95
166	4
166	13
167	156
167	256
167	18
167	190
167	95
167	394
167	353
167	1481
167	91
167	319
167	121
167	33
167	102
167	14
167	36
168	219
168	266
168	12
168	22
168	11
168	102
169	2113
169	36
169	9
169	55
169	4
169	14
169	91
169	116
169	11
169	37
169	509
169	128
170	1293
170	400
170	22
170	13
170	10
170	11
170	318
170	14
170	4
170	21
170	91
170	12
170	20
170	33
170	316
171	2631
171	1465
171	14
171	102
171	7
171	12
171	13
171	21
171	238
171	280
172	285
172	432
172	2632
172	12
172	37
172	11
172	91
172	10
172	33
172	22
172	129
172	4
172	14
173	285
173	432
173	927
173	12
173	37
173	11
173	91
173	10
173	33
173	22
173	129
173	4
173	14
174	72
174	53
174	33
174	12
174	55
174	14
174	13
175	2448
175	53
175	2198
175	4
175	14
175	37
175	11
175	12
175	21
175	33
175	10
176	167
176	53
176	222
176	4
176	14
176	37
176	11
176	12
176	21
176	33
176	10
177	146
177	10
177	4
177	14
177	102
177	91
177	33
177	116
178	332
178	8
178	318
178	13
178	12
178	299
178	33
178	45
179	370
179	47
179	14
179	4
179	12
179	13
179	91
179	113
179	33
179	21
179	22
179	45
180	2052
180	766
180	12
180	91
180	397
180	105
180	242
180	626
181	166
181	34
181	12
181	14
181	324
181	91
181	4
182	2633
182	174
182	1294
182	19
182	4
182	14
182	12
182	37
182	11
182	22
183	533
183	174
183	1294
183	19
183	4
183	14
183	12
183	37
183	11
183	22
184	155
184	46
184	144
184	54
184	12
184	37
184	4
184	14
184	55
184	11
184	833
184	21
185	439
185	2277
185	14
185	4
185	488
185	104
185	12
185	13
185	91
185	238
186	2634
186	507
186	19
186	1049
186	626
186	12
186	21
186	13
186	85
187	710
187	440
187	4
187	14
187	10
187	91
187	11
187	13
187	22
187	7
188	43
188	19
188	2134
188	13
188	281
188	216
188	280
188	7
189	43
189	379
189	17
189	265
189	14
189	4
189	12
189	13
189	33
189	11
189	22
189	20
189	245
190	195
190	441
190	256
190	125
190	101
190	157
190	22
190	172
190	12
190	4
190	91
190	7
190	13
190	620
190	427
190	746
190	20
190	11
190	33
191	222
191	32
191	18
191	256
191	898
191	12
191	397
191	1042
191	36
191	91
192	43
192	898
192	12
192	21
192	19
192	91
193	342
193	105
193	101
193	8
193	121
193	1479
193	12
193	397
193	104
193	238
193	111
193	2108
194	2059
194	2060
194	101
194	105
194	12
194	91
194	397
194	238
194	626
195	440
195	2
195	102
195	14
195	91
195	4
195	113
196	440
196	151
196	20
196	113
196	12
196	55
196	163
196	397
197	134
197	2
197	111
197	12
197	13
197	10
197	91
197	102
197	33
197	21
197	277
197	45
197	36
198	578
198	1333
198	22
198	104
198	91
198	13
198	33
198	102
198	7
199	43
199	2635
199	44
199	264
199	558
199	1605
199	17
199	1224
199	4
199	322
199	281
199	12
200	632
200	83
200	34
200	12
200	37
200	102
200	208
200	91
201	156
201	19
201	22
201	21
201	33
201	257
201	12
201	7
201	13
201	11
201	383
202	43
202	4
202	55
202	12
202	33
202	13
202	14
203	1563
203	1258
203	91
203	2058
203	819
203	2010
204	44
204	437
204	17
204	1222
204	12
204	128
204	19
204	393
204	60
205	49
205	588
205	4
205	14
205	10
205	22
205	60
205	11
205	12
206	43
206	44
206	144
206	21
206	4
206	14
206	113
206	12
207	218
207	437
207	19
207	178
207	2636
207	40
207	2637
207	799
207	12
207	37
207	91
207	21
208	284
208	79
208	54
208	1465
208	12
208	121
208	91
208	2638
209	284
209	79
209	12
209	121
209	91
209	2638
210	1086
210	151
210	1658
210	104
210	12
210	10
210	13
210	299
210	101
210	128
210	103
210	55
210	14
210	133
211	2113
211	14
211	524
211	7
211	12
211	13
211	21
211	245
211	191
211	280
212	277
212	205
212	14
212	137
212	33
212	430
213	253
213	91
213	268
213	1328
213	19
213	21
214	43
214	437
214	284
214	19
214	430
214	22
214	12
214	13
214	33
214	113
214	21
214	45
215	437
215	219
215	1083
215	488
215	102
215	128
215	105
215	12
215	91
215	33
215	397
216	2639
216	104
216	21
216	37
216	13
216	91
216	36
217	2067
217	437
217	372
217	766
217	625
217	190
217	36
217	12
217	105
217	397
217	91
217	21
217	238
217	20
217	1478
218	222
218	1919
218	1605
218	2640
218	523
218	102
218	14
218	280
218	91
218	172
218	13
219	80
219	256
219	1102
219	13
219	102
219	12
219	281
219	20
219	33
219	142
219	91
219	315
219	175
219	119
219	148
219	470
220	197
220	412
220	2562
220	25
220	125
220	125
220	40
220	266
220	34
220	12
220	37
220	4
220	14
220	102
220	11
220	128
220	91
220	1102
220	320
221	156
221	19
221	36
221	116
221	10
221	12
221	21
221	102
221	128
222	155
222	22
222	113
222	14
222	4
222	12
222	329
222	13
222	33
222	20
222	21
223	330
223	292
223	36
223	101
223	13
223	12
223	102
223	1328
223	33
223	22
223	113
223	21
223	20
223	7
224	155
224	14
224	4
224	22
224	13
224	113
224	102
224	7
225	437
225	19
225	22
225	14
225	4
225	13
225	33
225	12
225	21
225	7
226	1161
226	22
226	19
226	113
226	4
226	14
226	102
226	33
226	13
226	20
226	21
226	12
227	2641
227	4
227	14
227	21
227	238
227	280
227	2577
227	523
227	22
227	102
227	20
228	437
228	19
228	22
228	4
228	13
228	12
228	329
228	33
228	45
229	62
229	2642
229	36
229	101
229	4
229	10
229	11
229	509
229	37
229	21
230	43
230	4
230	14
230	91
230	10
230	238
231	14
231	10
231	12
231	91
231	129
231	401
231	444
232	43
232	264
232	4
232	14
232	53
232	190
232	318
232	11
233	174
233	178
233	242
233	2643
233	91
233	19
233	20
234	578
234	10
234	91
234	116
234	4
234	7
234	523
234	121
235	42
235	256
235	12
235	45
236	10
236	1328
236	54
236	36
236	21
236	13
236	37
236	91
236	956
236	17
237	46
237	2644
237	661
237	357
237	2645
237	12
237	37
237	11
237	116
237	10
237	33
237	22
237	163
237	4
238	86
238	412
238	18
238	101
238	418
238	154
238	33
238	13
238	91
238	14
239	468
239	847
239	281
239	102
239	4
239	91
239	121
239	10
239	33
239	237
239	12
240	468
240	847
240	281
240	102
240	4
240	91
240	121
240	10
240	33
240	237
240	12
241	930
241	1163
241	40
241	25
241	256
241	266
241	167
241	12
241	178
241	91
241	33
241	316
242	1425
242	437
242	42
242	46
242	2646
242	25
242	54
242	570
242	44
242	523
242	85
242	10
242	4
242	14
242	21
243	62
243	266
243	16
243	398
243	1531
243	908
243	156
243	26
243	148
243	10
243	11
243	208
243	36
243	247
243	770
243	4
243	91
243	102
244	222
244	206
244	204
244	445
244	14
244	4
244	12
244	290
244	113
244	45
245	62
245	14
245	204
245	163
245	13
245	12
245	206
246	195
246	12
246	13
246	37
246	280
246	14
246	128
246	2526
246	204
247	1905
247	12
247	37
247	509
247	245
247	11
248	1905
248	206
248	204
248	14
248	12
248	37
248	509
248	245
248	11
249	1647
249	898
249	91
249	720
249	1264
249	2521
249	599
249	597
250	12
250	13
250	191
250	2647
250	4
250	125
250	104
250	14
250	267
251	59
251	153
251	17
251	4
251	12
251	13
251	14
251	21
251	427
251	113
251	116
251	20
252	330
252	157
252	25
252	17
252	44
252	10
252	13
252	21
252	22
253	16
253	664
253	59
253	157
253	19
253	11
253	12
253	2648
253	128
254	437
254	2
254	3
254	968
254	44
254	19
254	4
254	13
254	12
254	33
254	21
255	2474
255	17
255	14
255	4
255	7
255	12
255	13
255	91
256	36
256	280
256	91
256	12
256	14
256	129
256	4
256	10
256	13
256	401
256	383
256	444
257	40
257	19
257	17
257	2
257	219
257	437
257	12
257	13
257	20
258	254
258	924
258	25
258	22
258	21
258	13
258	113
258	14
258	4
258	12
258	33
258	91
258	7
259	1140
259	17
259	691
259	14
259	45
259	10
259	91
259	113
259	37
259	427
259	318
259	21
259	33
260	467
260	12
260	4
260	14
260	101
260	45
260	1191
260	2473
261	40
261	558
261	437
261	19
261	174
261	4
261	32
261	25
261	428
261	33
262	1341
262	16
262	437
262	25
262	17
262	523
262	1208
262	12
262	13
262	19
262	21
262	238
262	20
263	852
263	437
263	2
263	17
263	25
263	181
263	19
263	12
263	10
263	13
263	22
264	2649
264	102
264	576
264	2650
264	12
264	21
264	37
264	2651
265	1093
265	1094
265	25
265	128
265	14
265	4
265	1047
265	12
265	21
265	33
266	1363
266	44
266	264
266	174
266	19
266	4
266	113
266	12
266	322
266	245
267	19
267	2
267	12
267	13
267	11
267	22
267	34
268	380
268	470
268	2526
268	14
268	205
268	43
269	19
269	7
269	13
269	12
269	21
269	33
270	222
270	19
270	34
270	12
270	37
270	11
270	33
270	22
270	4
270	91
270	21
270	329
271	437
271	19
271	11
271	12
271	128
271	4
271	14
271	2652
271	7
271	4
271	14
272	437
272	94
272	190
272	25
272	102
272	19
272	1049
272	105
272	106
272	12
272	91
272	320
272	33
272	121
273	285
273	51
273	1612
273	36
273	1328
273	2653
273	60
273	13
273	565
274	910
274	129
274	757
274	14
274	36
274	2654
274	2655
274	12
274	2030
274	91
274	280
274	22
275	285
275	2656
275	1612
275	1328
275	13
275	2657
275	60
275	565
275	36
276	511
276	2
276	25
276	22
276	14
276	277
276	12
276	13
276	102
276	318
276	91
276	21
276	33
276	7
276	113
277	437
277	1330
277	174
277	19
277	13
277	12
277	17
277	22
278	43
278	4
278	25
278	44
278	1370
278	2658
278	523
278	22
278	91
278	20
278	12
278	13
278	280
278	121
278	401
278	36
279	467
279	25
279	17
279	1330
279	19
279	13
279	12
279	2659
279	2660
279	401
279	22
279	523
279	20
280	2661
280	255
280	19
280	12
280	242
280	238
280	21
280	113
280	91
280	163
281	57
281	153
281	19
281	22
281	12
281	21
281	33
281	113
281	91
281	13
282	84
282	675
282	25
282	44
282	20
282	21
282	401
282	280
282	22
282	13
282	1328
283	141
283	2
283	174
283	17
283	675
283	25
283	22
283	55
283	13
283	11
283	12
283	116
283	4
283	20
284	1117
284	12
284	111
284	102
284	436
284	45
285	2662
285	174
285	17
285	675
285	558
285	19
285	2663
285	20
285	13
285	12
285	401
286	2662
286	19
286	116
286	13
286	12
286	401
287	19
287	178
287	2664
287	1158
287	322
287	13
287	12
287	91
287	21
288	284
288	19
288	44
288	25
288	4
288	12
288	13
288	21
288	20
288	401
289	2665
289	2
289	44
289	508
289	25
289	101
289	277
289	102
289	12
289	13
289	10
289	113
289	33
289	22
289	21
289	45
290	16
290	44
290	174
290	53
290	19
290	4
290	14
290	12
290	113
290	13
290	22
290	28
290	20
291	466
291	286
291	103
291	33
291	142
291	11
291	12
291	10
291	116
291	13
291	4
291	14
291	33
292	145
292	12
292	13
292	33
292	128
292	898
293	1398
293	2666
293	14
293	163
293	558
293	12
293	13
293	21
293	280
294	2665
294	19
294	20
294	102
294	7
294	12
294	91
294	13
294	238
294	21
294	277
294	898
295	285
295	1375
295	4
295	770
295	91
295	10
295	280
295	102
296	578
296	4
296	14
296	10
296	91
296	85
296	21
296	13
297	43
297	12
297	280
297	427
297	55
297	277
297	129
297	347
297	91
297	121
297	1427
297	242
297	268
298	2667
298	4
298	14
298	85
298	19
298	167
298	2668
298	1375
299	284
299	437
299	2
299	174
299	675
299	25
299	19
299	181
299	959
299	771
299	1208
299	13
299	12
299	33
299	10
299	21
299	187
299	20
300	284
300	19
300	178
300	213
300	22
300	12
300	7
301	178
301	19
301	687
301	169
301	241
301	7
301	12
301	91
301	177
302	266
302	1208
302	17
302	437
302	2
302	173
302	19
302	184
302	1603
302	412
302	12
302	33
302	20
302	113
302	22
302	13
303	2669
303	12
303	91
303	1343
303	121
303	2670
303	2163
303	760
303	2671
303	1034
303	7
303	2672
303	2654
303	4
303	102
303	994
303	2673
304	72
304	12
304	102
304	55
304	21
304	112
304	383
305	285
305	12
305	121
306	187
306	38
306	2
306	22
306	13
306	4
306	14
306	91
306	268
306	12
307	38
307	2674
307	268
307	12
307	10
308	77
308	102
308	264
308	17
308	21
308	4
308	14
308	163
308	280
308	12
308	13
308	10
308	22
308	401
308	7
309	316
309	12
309	320
309	167
309	91
310	2675
310	547
310	4
310	14
310	12
310	37
310	11
310	91
310	121
310	23
310	287
311	218
311	45
311	12
311	21
311	181
311	167
312	582
312	102
312	14
312	4
312	113
312	21
312	33
312	7
313	704
313	134
313	148
313	350
313	91
313	12
313	13
313	21
313	113
313	318
313	45
314	554
314	174
314	25
314	2238
314	10
314	91
314	13
314	12
314	821
314	892
314	33
314	1055
314	167
315	19
315	44
315	2
315	25
315	4
315	12
315	13
315	33
315	21
315	45
316	2456
316	253
316	19
316	287
316	237
316	280
316	4
316	91
316	12
316	746
316	13
316	33
316	444
317	101
317	2
317	134
317	25
317	22
317	12
317	13
317	33
317	102
317	21
317	45
318	428
318	2
318	437
318	25
318	22
318	91
318	12
318	13
318	33
318	21
318	20
318	45
319	437
319	125
319	101
319	111
319	102
319	4
319	299
319	45
319	12
319	13
319	10
320	852
320	437
320	271
320	22
320	12
320	13
320	33
320	91
320	318
320	10
320	14
320	290
320	113
320	21
320	45
321	80
321	32
321	292
321	19
321	22
321	13
321	329
321	12
321	21
321	620
321	33
321	91
321	7
321	142
322	1161
322	1386
322	1208
322	1151
322	36
322	4
322	216
323	1161
323	36
323	4
323	216
323	10
323	1151
324	511
324	4
324	14
324	10
324	11
324	91
324	33
324	21
324	13
324	523
324	36
324	79
325	78
325	380
325	21
325	12
325	13
325	163
326	222
326	13
326	22
326	91
326	553
327	1134
327	105
327	214
327	222
327	643
327	10
327	2094
327	1328
327	318
327	91
327	4
327	14
327	19
327	12
327	397
327	626
328	2170
328	2676
328	4
328	14
328	2172
329	85
329	105
329	238
329	155
329	2588
329	286
329	95
329	102
329	4
329	12
329	895
330	2588
330	4
330	10
331	10
331	112
331	4
331	102
331	33
331	418
331	21
332	43
332	437
332	537
332	10
332	12
332	21
333	414
333	437
333	156
333	17
333	15
333	25
333	219
333	220
333	381
333	547
333	12
333	13
333	33
333	21
333	14
334	197
334	86
334	173
334	44
334	25
334	103
334	4
334	10
334	14
334	11
334	21
334	12
335	51
335	19
335	12
335	14
335	275
335	226
336	119
336	17
336	2677
336	255
336	12
336	13
336	11
336	21
336	45
336	2678
337	2679
337	151
337	25
337	17
337	19
337	22
337	12
337	13
337	113
337	33
337	20
338	437
338	1046
338	105
338	12
338	766
338	521
338	190
338	36
338	410
338	91
338	397
338	21
338	238
338	20
339	266
339	19
339	17
339	12
339	13
339	33
339	22
339	20
339	21
340	43
340	675
340	1294
340	174
340	167
340	19
340	13
340	17
340	280
340	12
340	21
340	238
341	432
341	218
341	125
341	14
341	7
341	12
341	13
341	91
342	117
342	18
342	302
342	19
342	4
342	14
342	102
342	55
342	12
342	13
342	281
342	11
343	1398
343	146
343	26
343	17
343	19
343	22
343	13
343	20
343	28
343	623
343	12
343	21
343	91
344	330
344	24
344	219
344	17
344	25
344	22
344	14
344	4
344	12
344	13
344	113
344	45
345	2680
345	2
345	219
345	35
345	1612
345	12
345	11
345	4
345	105
345	2681
346	284
346	2
346	437
346	19
346	17
346	36
346	13
346	12
346	14
346	20
346	116
347	19
347	437
347	153
347	25
347	44
347	174
347	2
347	4
347	14
347	12
347	113
347	13
347	55
347	22
347	28
347	20
348	437
348	2
348	17
348	157
348	19
348	1208
348	12
348	13
348	33
348	20
348	22
348	28
349	122
349	2
349	281
349	11
349	19
349	22
349	13
349	4
349	14
349	102
349	12
349	1813
350	284
350	2
350	437
350	19
350	157
350	14
350	4
350	12
350	13
350	21
350	20
350	142
350	116
351	173
351	700
351	91
351	22
351	20
352	2
352	1624
352	32
352	12
352	11
352	19
352	22
352	13
352	91
353	119
353	4
353	17
353	268
353	264
353	238
353	766
353	13
353	19
353	12
353	523
353	14
353	2682
354	77
354	44
354	25
354	289
354	19
354	14
354	102
354	13
354	113
354	33
354	21
354	22
354	12
354	4
354	7
355	385
355	2536
355	381
355	255
355	562
355	14
355	4
355	11
355	60
355	10
355	12
356	2683
356	43
356	2
356	25
356	22
356	277
356	14
356	12
356	13
356	60
356	10
356	113
356	21
356	45
357	386
357	2684
357	101
357	898
357	13
357	104
357	208
357	14
357	247
357	102
357	91
357	277
357	427
357	12
357	7
358	25
358	299
358	45
358	12
358	13
358	91
358	318
359	43
359	17
359	1605
359	25
359	44
359	157
359	22
359	21
359	113
359	91
359	172
359	13
359	33
359	20
360	1117
360	547
360	4
360	14
360	12
360	11
360	37
361	431
361	32
361	898
361	12
361	21
361	11
362	849
362	32
362	14
362	91
362	113
362	4
362	10
363	32
363	222
363	19
363	22
363	329
363	91
363	12
363	13
363	33
363	102
363	36
363	4
363	45
364	1111
364	4
364	14
364	2685
364	11
364	128
364	12
364	13
365	1111
365	4
365	14
365	2685
365	11
365	128
365	12
365	13
366	51
366	12
366	14
366	121
366	91
366	290
366	83
367	14
367	102
367	324
367	318
367	113
367	344
367	1191
367	1384
367	142
367	112
367	21
367	238
368	145
368	418
368	101
368	36
368	14
368	33
369	1065
369	14
369	2102
369	17
369	2686
369	44
369	12
369	25
369	13
369	94
369	11
369	4
369	421
370	386
370	101
370	102
370	10
370	33
370	45
371	43
371	12
371	4
371	14
371	102
371	113
371	238
372	1342
372	178
372	17
372	20
372	523
372	13
372	12
372	2659
372	14
372	4
372	22
373	1398
373	401
373	1411
373	318
373	1824
373	4
373	280
373	20
374	1398
374	20
374	33
374	113
374	4
374	14
374	1411
374	318
375	4
375	281
375	14
375	222
375	36
375	125
375	508
375	116
375	10
375	238
376	398
376	12
376	10
376	14
376	102
376	33
376	290
377	42
377	44
377	125
377	12
377	13
377	102
377	4
377	7
377	245
377	22
377	21
378	84
378	44
378	25
378	32
378	286
378	102
378	4
378	19
378	12
378	91
378	11
378	287
378	13
378	7
379	533
379	156
379	14
379	4
379	101
379	290
379	45
380	1398
380	20
380	401
380	280
380	4
380	14
380	1411
380	318
381	16
381	506
381	12
381	85
381	22
381	13
382	1583
382	523
382	12
382	21
382	238
383	431
383	203
383	12
383	21
383	281
384	2687
384	437
384	264
384	174
384	19
384	12
384	238
384	21
385	2240
385	437
385	766
385	174
385	12
385	91
385	19
385	21
386	146
386	2
386	432
386	156
386	44
386	54
386	25
386	701
386	11
386	10
386	12
386	91
386	21
386	22
387	16
387	19
387	17
387	193
387	437
387	1158
387	250
387	163
387	2298
387	432
387	2688
387	2333
387	12
387	190
387	21
387	1077
387	13
387	322
387	238
387	36
387	1337
387	91
388	2379
388	406
388	14
388	4
388	125
388	7
388	12
388	13
388	21
388	245
388	238
388	655
388	280
389	2379
389	137
389	12
389	37
389	11
389	21
389	509
390	49
390	22
390	4
390	12
390	13
390	33
390	91
390	7
390	113
391	43
391	12
391	91
391	13
391	757
391	14
391	4
391	33
391	12
392	43
392	505
392	12
392	4
392	14
392	91
392	113
393	156
393	36
393	12
393	13
393	113
393	281
393	238
393	102
393	4
393	116
394	43
394	216
394	25
394	12
394	14
394	33
394	181
394	19
394	91
394	21
395	1161
395	19
395	22
395	153
395	21
395	113
395	12
395	4
395	33
395	14
395	45
396	119
396	2
396	264
396	40
396	86
396	14
396	4
396	91
396	12
396	104
396	85
396	2689
397	2690
397	264
397	113
397	2108
397	4
397	14
397	102
397	12
397	13
397	91
397	21
397	238
397	444
397	277
398	43
398	47
398	12
398	13
398	33
398	20
398	22
398	113
399	663
399	437
399	766
399	105
399	12
399	214
399	91
399	397
399	21
399	238
399	20
400	186
400	47
400	17
400	14
400	102
400	12
400	33
400	21
400	22
400	113
400	7
401	43
401	13
401	1321
401	33
401	757
401	14
401	4
401	20
401	21
401	12
401	290
401	91
402	62
402	63
402	431
402	2691
402	2692
402	443
402	1774
402	685
402	1773
402	204
402	12
402	21
402	116
402	942
402	238
403	437
403	219
403	1608
403	43
403	25
403	737
403	19
403	1049
403	318
403	2693
403	12
403	105
404	2242
404	256
404	737
404	174
404	660
404	2155
404	832
404	14
404	85
405	632
405	18
405	4
405	14
405	102
405	12
405	91
405	418
406	330
406	17
406	22
406	153
406	44
406	113
406	102
406	14
406	33
406	12
406	20
406	21
407	241
407	25
407	1386
407	19
407	1387
407	40
407	4
407	36
407	12
407	13
407	21
407	299
407	1347
408	162
408	1649
408	1208
408	160
408	965
408	190
408	25
408	412
408	128
408	105
408	12
408	91
408	397
409	406
409	14
409	4
409	868
409	12
409	91
409	21
409	2075
409	2694
410	379
410	43
410	22
410	12
410	13
410	113
410	14
410	33
410	4
410	20
411	532
411	40
411	558
411	44
411	264
411	46
411	182
411	19
411	868
411	523
411	756
411	104
411	12
411	238
411	1224
412	51
412	14
412	581
412	121
412	12
412	45
413	122
413	4
413	102
413	12
413	21
413	91
413	116
413	238
413	22
413	45
414	264
414	1649
414	43
414	44
414	1123
414	91
414	12
414	238
415	881
415	25
415	412
415	54
415	18
415	83
415	12
415	37
415	33
415	320
415	45
416	284
416	2
416	25
416	675
416	17
416	437
416	19
416	44
416	187
416	20
416	412
416	12
416	13
416	33
416	22
416	21
417	218
417	264
417	26
417	182
417	44
417	278
417	190
417	318
417	427
417	91
417	12
417	238
417	21
417	523
418	1817
418	19
418	663
418	1595
418	4
418	14
418	12
418	37
418	11
418	33
418	509
419	1117
419	436
419	1102
419	102
419	111
419	12
419	2682
419	238
420	62
420	25
420	205
420	174
420	22
420	14
420	4
420	12
420	277
420	13
420	21
420	33
420	7
420	427
420	113
421	2680
421	205
421	14
421	12
421	13
421	45
422	145
422	153
422	437
422	1158
422	22
422	13
422	21
422	113
422	12
422	33
422	7
423	46
423	25
423	160
423	578
423	173
423	184
423	113
423	14
423	4
423	10
423	12
423	13
423	22
423	33
423	21
423	20
424	1419
424	2695
424	125
424	14
424	4
424	7
424	12
424	13
424	91
424	655
424	318
424	167
424	238
424	163
425	2696
425	43
425	2299
425	2
425	1111
425	17
425	508
425	14
425	4
425	12
425	21
425	10
425	1824
425	280
425	22
425	2697
425	523
425	20
425	28
426	197
426	700
426	2
426	102
426	25
426	101
426	22
426	12
426	13
426	20
426	113
426	116
426	33
427	1552
427	498
427	4
427	280
427	14
427	60
427	10
427	20
428	550
428	373
428	246
428	10
428	13
428	91
428	12
428	11
428	22
428	56
428	4
428	102
428	14
428	163
429	381
429	54
429	18
429	12
429	13
429	877
429	11
429	4
429	14
429	22
429	7
430	2698
430	264
430	44
430	148
430	4
430	245
430	10
430	91
430	13
430	280
430	21
430	22
431	2
431	19
431	22
431	10
431	11
431	12
431	4
431	14
431	13
431	7
432	379
432	773
432	2557
432	12
432	11
432	10
432	13
432	373
432	421
433	2699
433	43
433	558
433	163
433	17
433	13
433	10
433	177
433	242
433	4
433	14
434	409
434	103
434	53
434	2
434	7
434	12
434	10
434	116
434	14
434	11
434	33
434	102
435	46
435	2700
435	43
435	25
435	907
435	102
435	148
435	20
435	12
435	13
435	280
435	10
435	2701
435	36
435	14
435	4
435	401
435	757
435	22
436	157
436	54
436	12
436	13
436	10
436	280
436	91
436	4
436	14
436	129
436	22
436	401
436	444
437	346
437	111
437	13
437	91
437	14
437	102
437	22
437	113
437	7
438	511
438	25
438	2
438	101
438	17
438	102
438	22
438	12
438	13
438	21
438	33
438	113
438	10
438	20
439	145
439	1375
439	4
439	14
439	85
439	523
439	19
439	167
439	1623
439	5
440	2373
440	1375
440	44
440	25
440	102
440	14
440	4
440	523
440	91
440	172
440	280
440	33
441	437
441	26
441	4
441	14
441	318
441	113
441	33
441	10
441	7
442	16
442	841
442	4
442	14
442	1255
442	11
442	10
442	12
442	238
442	21
443	78
443	44
443	264
443	255
443	45
443	22
443	33
443	21
443	11
443	12
443	10
444	72
444	44
444	17
444	25
444	675
444	19
444	101
444	22
444	102
444	14
444	12
444	91
444	21
444	427
444	113
444	20
444	33
444	7
445	2702
445	36
445	2703
445	13
445	91
445	106
445	275
445	133
445	33
445	102
446	62
446	54
446	2704
446	25
446	256
446	292
446	521
446	12
446	91
446	167
446	21
446	10
446	177
446	23
447	197
447	17
447	25
447	187
447	44
447	11
447	12
447	91
447	37
447	4
447	14
447	20
448	16
448	256
448	4
448	14
448	102
448	111
448	45
448	13
448	10
448	299
448	150
448	318
448	91
448	12
449	1208
449	440
449	417
449	26
449	44
449	264
449	660
449	621
449	679
449	54
449	144
449	33
449	22
449	7
449	10
449	14
449	11
449	91
449	13
450	2040
450	911
450	12
450	10
450	37
450	11
450	33
450	14
450	4
450	1347
451	145
451	14
451	102
451	277
451	106
451	12
451	281
452	62
452	14
452	280
452	2701
452	20
452	523
452	2705
452	362
452	1370
452	10
452	102
452	401
452	12
452	22
452	13
452	4
453	2125
453	1463
453	119
453	281
453	12
453	13
453	576
454	2698
454	125
454	4
454	14
454	102
454	1658
454	11
454	10
454	12
454	13
454	21
454	22
455	437
455	94
455	19
455	4
455	14
455	21
455	22
455	11
455	12
455	245
456	214
456	105
456	437
456	766
456	12
456	397
456	91
456	21
456	20
456	238
457	2057
457	701
457	14
457	4
457	102
457	12
457	91
457	21
457	523
457	167
457	19
457	281
458	167
458	1493
458	44
458	877
458	4
458	14
458	33
458	37
458	1347
459	253
459	332
459	10
459	12
459	91
459	280
459	13
459	4
459	401
460	2
460	241
460	19
460	13
460	12
460	22
460	33
460	21
460	45
461	328
461	22
461	8
461	277
461	121
461	11
461	581
461	102
461	12
461	4
461	14
461	101
461	55
461	7
461	833
461	237
461	129
462	519
462	129
462	757
462	113
462	4
462	14
462	172
462	163
462	12
462	1343
462	121
463	108
463	10
463	268
463	12
463	757
463	129
463	14
463	771
463	36
463	2655
463	2706
464	12
464	91
464	268
464	12
465	38
465	437
465	22
465	14
465	4
465	10
465	329
465	290
465	33
465	2134
465	113
465	21
465	45
466	328
466	382
466	147
466	12
466	13
466	121
466	8
466	113
466	22
466	45
467	181
467	12
467	2707
467	256
467	21
467	1478
467	1018
467	2708
468	1637
468	1880
468	19
468	488
468	12
468	36
469	927
469	350
469	2709
469	153
469	34
469	12
469	14
469	1191
470	147
470	1386
470	350
470	25
470	219
470	148
470	19
470	12
470	4
470	11
470	33
470	91
471	1386
471	148
471	700
471	105
471	1134
471	12
471	397
471	91
471	21
471	238
472	1134
472	105
472	79
472	1386
472	148
472	12
472	397
472	91
472	21
472	238
473	437
473	438
473	17
473	681
473	94
473	682
473	683
473	19
473	126
473	11
473	12
473	21
473	13
473	91
473	116
473	383
473	583
473	33
474	137
474	468
474	204
474	12
474	10
474	14
474	11
474	21
474	268
475	43
475	1592
475	125
475	95
475	14
475	102
475	11
475	12
475	14
475	102
476	1006
476	4
476	14
476	324
477	19
477	10
477	91
477	11
477	22
477	284
477	324
477	12
477	4
477	14
477	128
478	510
478	19
478	254
478	54
478	153
478	20
478	12
478	13
478	113
478	55
478	28
478	4
478	14
478	22
479	1070
479	316
479	954
479	19
479	437
479	219
479	17
479	1054
479	968
479	25
479	2130
479	12
479	397
479	21
479	238
480	42
480	388
480	418
480	102
480	12
480	116
480	91
480	7
481	213
481	1550
481	91
481	281
481	418
482	43
482	25
482	247
482	1001
482	280
482	523
482	14
482	55
482	91
482	10
483	799
483	507
483	14
483	7
483	12
483	13
483	91
483	238
484	2477
484	167
484	799
484	13
484	268
484	4
484	383
484	238
485	192
485	1209
485	331
485	174
485	19
485	241
485	4
485	14
485	113
485	12
485	22
485	1347
485	383
485	33
485	7
486	2710
486	406
486	101
486	104
486	34
486	10
486	13
486	12
486	55
486	102
486	22
487	134
487	40
487	36
487	14
487	12
487	13
487	33
487	113
487	21
487	45
488	2118
488	2136
488	36
488	2135
488	12
488	397
488	91
488	21
488	238
489	43
489	1750
489	4
489	55
489	45
489	12
489	13
489	10
489	33
489	11
489	299
490	2536
490	315
490	22
490	21
490	102
490	12
490	33
490	91
490	11
490	13
490	7
491	2
491	315
491	4
491	102
491	113
491	12
491	22
491	33
491	7
492	2711
492	14
492	4
492	7
492	12
492	13
492	91
492	21
492	238
492	245
493	43
493	599
493	1816
493	318
493	14
493	949
493	4
493	13
494	2712
494	181
494	2713
494	12
494	37
494	10
495	84
495	85
495	12
495	33
495	4
495	14
495	2714
495	19
495	91
495	383
495	237
496	171
496	437
496	45
496	10
496	12
496	37
497	171
497	371
497	10
497	102
497	11
497	267
497	91
497	21
498	139
498	1429
498	95
498	4
498	102
498	281
498	12
498	21
499	428
499	2715
499	34
499	12
499	4
499	102
499	11
499	318
499	33
499	22
499	91
500	721
500	34
500	12
500	4
500	14
500	268
500	23
501	38
501	437
501	1188
501	7
501	12
501	13
501	14
501	11
501	33
501	237
501	91
501	21
501	329
501	4
502	432
502	32
502	2
502	34
502	12
502	10
502	37
502	4
502	102
502	290
502	91
503	300
503	428
503	102
503	10
503	11
503	13
503	12
503	21
503	14
503	22
503	4
504	330
504	2716
504	203
504	2526
504	202
504	102
504	2717
505	44
505	2718
505	17
505	2700
505	281
505	13
505	12
505	401
505	22
506	216
506	1764
506	34
506	12
506	37
506	11
506	22
506	128
506	19
507	173
507	700
507	55
507	208
507	91
507	113
507	22
507	7
507	102
508	119
508	556
508	25
508	44
508	2719
508	17
508	523
508	102
508	2720
508	13
508	280
508	14
508	4
508	12
508	21
508	401
509	1093
509	1360
509	1159
509	437
509	25
509	26
509	12
509	397
509	91
509	21
509	105
509	238
509	20
510	137
510	20
510	688
510	437
510	21
510	11
510	12
510	22
511	330
511	25
511	11
511	14
511	4
511	33
511	21
511	1355
512	145
512	149
512	556
512	205
512	14
512	11
512	12
513	213
513	91
513	214
513	20
513	175
513	1359
514	554
514	54
514	1214
514	2462
514	4
514	14
514	1530
514	12
514	37
514	91
514	11
515	253
515	554
515	382
515	1825
515	14
515	12
515	13
515	277
516	1692
516	437
516	2
516	36
516	4
516	14
516	12
516	37
516	91
516	11
516	116
516	10
516	21
516	22
516	33
517	437
517	430
517	157
517	19
517	4
517	14
517	102
517	12
517	113
517	22
517	33
517	20
518	430
518	396
518	17
518	26
518	587
518	19
518	113
518	12
518	13
518	320
518	4
518	14
519	467
519	2543
519	160
519	968
519	2598
519	12
519	13
519	14
519	11
519	4
519	36
519	83
519	20
519	172
519	21
520	42
520	4
520	14
520	1406
520	55
520	12
520	13
520	11
520	116
520	21
520	33
521	437
521	145
521	266
521	2677
521	102
521	14
521	4
521	12
521	13
521	318
521	33
521	21
521	22
521	1813
522	43
522	2721
522	256
522	4
522	14
522	85
522	1224
522	91
522	12
522	488
522	2010
522	2722
522	523
523	2723
523	255
523	523
523	43
523	742
523	1279
523	17
523	12
523	397
524	330
524	271
524	22
524	102
524	14
524	12
524	13
524	91
524	33
524	113
524	21
524	45
525	959
525	125
525	125
525	12
525	22
525	237
525	91
525	45
526	547
526	959
526	19
526	345
526	125
526	34
526	12
526	14
526	11
526	324
526	22
526	237
526	241
526	21
526	91
527	146
527	959
527	10
527	85
527	22
527	91
527	4
527	14
527	115
528	146
528	959
528	4
528	14
528	115
528	10
528	85
528	22
528	91
529	146
529	2724
529	10
529	85
529	22
529	91
529	4
529	14
529	464
530	1097
530	20
530	1070
530	79
530	2
530	264
530	1444
530	4
530	105
530	12
530	397
530	91
530	21
530	821
530	238
531	346
531	79
531	34
531	12
531	60
531	14
531	102
531	55
531	129
531	318
531	838
531	21
532	137
532	79
532	350
532	1386
532	148
532	12
532	13
532	91
532	21
532	36
532	4
532	45
533	79
533	2
533	181
533	19
533	22
533	14
533	12
533	318
533	91
534	141
534	588
534	4
534	14
534	13
534	12
534	33
534	113
534	20
534	22
535	141
535	14
535	4
535	12
535	13
535	113
535	45
535	22
536	43
536	21
536	281
536	12
536	106
536	13
536	4
536	14
536	105
537	72
537	19
537	4
537	280
537	10
537	91
537	14
537	116
537	12
537	20
538	375
538	2
538	25
538	22
538	102
538	12
538	13
538	91
538	4
538	33
538	21
538	14
538	113
538	7
539	219
539	102
539	280
539	10
539	318
539	523
539	91
539	33
539	21
539	14
539	4
539	20
540	57
540	103
540	14
540	12
540	13
540	33
540	113
540	22
540	21
540	45
541	632
541	102
541	10
541	12
541	13
541	33
541	116
542	2725
542	102
542	12
542	91
542	37
542	318
542	1210
543	2115
543	329
543	102
543	12
543	91
543	397
543	105
543	21
543	238
544	166
544	34
544	102
544	101
544	318
544	226
544	499
545	467
545	25
545	17
545	1330
545	19
545	13
545	12
545	280
545	21
545	401
545	22
545	523
545	20
546	611
546	2726
546	79
546	14
546	205
547	611
547	2726
547	79
547	14
547	205
548	573
548	54
548	125
548	4
548	181
548	444
548	12
548	21
548	2359
548	91
548	641
549	43
549	2727
549	102
549	14
549	4
549	737
549	85
549	397
549	91
549	12
550	342
550	14
550	102
550	101
550	11
550	318
550	33
550	21
550	283
550	121
550	599
550	45
551	342
551	125
551	125
551	111
551	12
551	37
551	55
551	318
551	22
551	8
551	121
551	21
551	4
551	238
551	45
552	78
552	25
552	17
552	44
552	13
552	20
552	12
552	10
552	401
552	21
552	22
553	145
553	2
553	714
553	14
553	4
553	12
553	13
553	290
553	113
553	45
554	145
554	2728
554	205
554	12
554	14
554	11
555	437
555	1046
555	766
555	1153
555	12
555	105
555	397
555	91
555	238
555	21
556	46
556	43
556	2
556	578
556	342
556	882
556	17
556	4
556	14
556	290
556	12
556	13
556	91
556	33
556	113
556	22
556	21
556	45
557	19
557	148
557	12
557	13
557	10
557	45
558	2729
558	266
558	1627
558	12
558	13
558	20
558	28
558	167
558	1318
558	21
558	610
558	7
559	59
559	14
559	1463
559	2730
559	12
559	17
559	13
559	36
559	19
559	21
559	1824
559	2577
559	287
559	401
559	7
559	523
560	437
560	19
560	11
560	12
560	13
560	935
560	2277
561	314
561	95
561	14
561	4
561	7
561	12
561	13
561	91
561	655
561	245
562	2299
562	10
562	318
562	7
562	14
562	4
562	12
562	91
562	13
562	11
562	1689
562	277
562	55
563	806
563	44
563	25
563	17
563	12
563	13
563	91
563	4
563	14
563	318
563	11
563	20
563	10
563	33
564	43
564	19
564	25
564	22
564	14
564	4
564	102
564	33
564	13
564	12
564	91
564	318
564	10
564	113
564	21
564	45
565	1077
565	318
565	397
565	91
565	353
565	105
565	128
566	2170
566	102
566	4
566	10
566	22
566	21
566	11
566	33
566	14
566	13
566	318
566	2731
567	27
567	222
567	54
567	14
567	318
567	10
567	91
567	85
567	33
567	22
568	2732
568	1579
568	4
568	101
568	626
568	318
568	105
568	1049
568	10
569	318
569	21
569	102
569	12
569	10
569	13
569	11
569	33
569	22
569	91
569	128
570	266
570	437
570	1046
570	105
570	12
570	766
570	36
570	25
570	44
570	91
570	397
570	21
570	238
570	318
571	266
571	437
571	1046
571	105
571	12
571	766
571	36
571	25
571	44
571	91
571	397
571	21
571	238
571	318
572	15
572	22
572	113
572	318
572	13
572	21
572	33
572	91
572	20
573	222
573	588
573	54
573	14
573	102
573	45
573	10
573	150
573	299
573	91
573	12
573	13
573	318
573	11
574	968
574	47
574	45
574	12
574	13
574	91
574	318
574	299
575	1293
575	43
575	2
575	17
575	14
575	4
575	318
575	113
575	13
575	12
575	91
575	33
575	21
575	45
576	852
576	277
576	13
576	281
576	318
576	242
576	163
577	852
577	22
577	4
577	14
577	277
577	12
577	13
577	91
577	318
577	33
577	10
577	113
577	45
578	2299
578	4
578	14
578	10
578	318
578	13
578	1689
578	277
578	12
578	55
578	33
578	91
578	11
578	21
578	7
579	2299
579	4
579	14
579	10
579	318
579	13
579	1689
579	277
579	12
579	55
579	33
579	91
579	11
579	21
579	7
580	11
580	13
580	12
580	14
580	4
580	19
580	2733
580	25
580	59
580	144
580	21
580	20
581	19
581	1264
581	1167
581	4
581	20
581	12
581	13
582	426
582	19
582	33
582	11
582	12
582	14
582	13
582	4
582	21
582	20
583	19
583	178
583	12
583	397
584	19
584	222
584	22
584	329
584	12
584	13
584	33
584	113
584	21
584	45
585	575
585	24
585	1360
585	255
585	4
585	14
585	12
585	37
585	11
585	22
585	163
585	509
586	1070
586	169
586	1360
586	316
586	179
586	91
586	671
586	2093
587	646
587	2734
587	1360
587	521
587	12
587	21
588	54
588	19
588	12
588	14
588	4
589	747
589	19
589	12
589	13
589	11
589	4
589	14
589	22
590	46
590	578
590	173
590	437
590	78
590	184
590	17
590	12
590	13
590	113
590	20
590	10
590	14
590	4
590	33
591	763
591	19
591	12
591	10
591	4
591	33
592	940
592	167
592	19
592	616
592	286
592	618
592	821
592	12
592	397
592	238
593	1070
593	91
593	169
593	20
593	1419
593	1479
594	72
594	14
594	277
594	599
594	12
594	13
594	113
594	45
595	406
595	95
595	2735
595	14
595	102
595	960
595	91
595	12
595	10
595	85
595	21
596	1097
596	20
596	1046
596	284
596	4
596	12
596	397
596	91
596	21
596	238
597	3
597	24
597	148
597	219
597	1920
597	128
597	19
597	105
597	12
597	397
597	238
598	557
598	167
598	927
598	19
598	54
598	154
598	25
598	17
598	36
598	14
598	12
598	37
598	21
599	81
599	1158
599	284
599	17
599	12
599	11
599	14
599	4
599	21
599	22
599	20
599	28
599	13
599	163
600	1153
600	1158
600	1159
600	766
600	437
600	25
600	20
600	12
600	105
600	397
600	91
600	21
600	238
601	379
601	1158
601	284
601	17
601	22
601	20
601	113
601	13
601	12
601	21
602	467
602	437
602	2
602	19
602	17
602	25
602	36
602	13
602	12
602	187
602	22
602	7
603	110
603	701
603	14
603	102
603	111
603	12
603	13
603	11
603	91
603	21
603	34
604	16
604	1042
604	91
604	22
604	12
604	509
605	519
605	4
605	102
605	14
605	898
605	2736
605	238
605	21
605	12
605	280
606	141
606	32
606	19
606	33
606	91
606	36
606	14
606	4
606	113
606	13
606	7
607	222
607	350
607	256
607	102
607	620
607	12
607	91
607	33
607	397
607	22
607	113
608	437
608	157
608	1605
608	4
608	25
608	2737
608	523
608	280
608	33
608	91
608	12
608	13
609	57
609	2511
609	1334
609	14
609	290
609	277
609	12
609	13
609	45
610	1430
610	488
610	91
610	2093
610	91
610	316
611	1160
611	146
611	12
611	2161
611	1042
611	91
611	696
612	46
612	104
612	10
612	91
612	21
612	13
612	22
612	20
612	4
612	14
612	163
613	40
613	968
613	437
613	148
613	43
613	2
613	17
613	25
613	19
613	134
613	331
613	22
613	12
613	13
613	28
613	33
613	20
614	2661
614	4
614	95
614	14
614	281
614	2163
614	91
614	12
615	2096
615	2738
615	190
615	14
615	7
615	12
615	13
615	91
615	238
616	145
616	14
616	102
616	277
616	113
616	12
616	13
616	10
616	318
616	8
616	21
616	45
617	42
617	125
617	256
617	12
617	13
617	11
617	21
617	2739
617	45
617	4
617	14
617	102
617	54
618	222
618	115
618	22
618	11
618	102
618	12
618	4
618	91
618	14
618	13
618	111
618	33
618	7
619	300
619	101
619	22
619	111
619	102
619	4
619	12
619	13
619	91
619	33
619	121
619	113
619	21
619	45
620	2593
620	284
620	102
620	111
620	14
620	4
620	12
620	21
620	238
620	91
620	523
621	222
621	22
621	102
621	111
621	4
621	101
621	329
621	12
621	13
621	33
621	45
622	511
622	22
622	91
622	102
622	12
622	101
622	13
622	21
622	111
622	33
622	7
623	1398
623	111
623	102
623	13
623	45
624	2618
624	111
624	102
624	14
624	4
624	95
624	281
624	91
624	21
624	238
625	571
625	102
625	111
625	12
625	13
625	45
626	43
626	10
626	60
626	14
626	4
626	129
626	113
626	45
626	13
626	12
627	57
627	14
627	4
627	12
627	13
627	33
627	91
627	113
627	21
627	45
628	328
628	94
628	55
628	14
628	4
628	12
628	13
628	21
628	689
629	219
629	1627
629	935
629	128
629	12
629	22
629	281
629	13
630	314
630	55
630	105
630	12
630	397
630	91
630	1479
630	2740
630	104
630	21
630	238
630	626
631	314
631	55
631	105
631	12
631	397
631	91
631	1479
631	2740
631	104
631	21
631	238
631	626
632	122
632	19
632	868
632	12
632	1224
632	91
632	85
632	523
632	281
633	171
633	41
633	12
633	842
633	2741
633	91
634	328
634	271
634	14
634	4
634	12
634	91
634	116
634	22
634	33
634	7
635	1363
635	206
635	19
635	444
635	11
635	10
635	13
635	55
635	12
635	126
636	1957
636	93
636	576
636	4
636	44
636	25
636	11
636	13
636	33
636	21
636	36
636	1158
636	19
636	287
636	7
637	40
637	807
637	36
637	741
637	101
637	55
637	359
637	4
637	14
637	102
637	22
637	12
637	21
637	11
637	91
637	37
637	33
637	418
637	7
638	2742
638	14
638	102
638	101
638	103
638	133
638	10
638	116
638	354
639	134
639	95
639	18
639	101
639	14
639	102
639	205
639	204
639	2386
639	2492
639	12
639	60
639	268
639	13
640	40
640	2743
640	160
640	144
640	4
640	102
640	2744
640	34
640	85
640	22
640	10
640	1727
640	91
641	700
641	7
641	102
641	121
641	91
642	429
642	40
642	2
642	271
642	25
642	22
642	102
642	14
642	12
642	13
642	91
642	318
642	33
642	113
642	21
642	45
643	154
643	4
643	238
643	116
643	91
643	10
644	2333
644	898
644	2745
644	523
644	280
644	91
644	33
644	2035
644	14
644	4
644	10
645	62
645	2746
645	1347
645	373
645	553
645	11
645	12
645	91
645	10
645	13
645	4
645	14
646	386
646	19
646	22
646	2598
646	113
646	13
646	12
646	91
646	116
646	101
646	4
646	102
646	7
647	1728
647	4
647	2524
647	10
648	1728
648	772
648	2524
648	10
648	4
648	19
648	91
648	11
648	21
648	2747
648	14
648	102
649	196
649	286
649	95
649	14
649	7
649	12
649	13
649	91
649	104
649	21
650	145
650	18
650	2748
650	5
650	37
650	12
650	11
650	447
650	4
650	14
650	21
651	171
651	2749
651	760
651	10
651	91
651	12
651	37
651	22
652	886
652	2750
652	95
652	125
652	256
652	2751
652	12
652	280
653	108
653	100
653	101
653	60
653	14
653	1479
653	397
653	12
653	105
653	238
653	104
654	40
654	25
654	17
654	46
654	94
654	54
654	44
654	36
654	12
654	895
654	4
654	14
654	55
654	11
655	16
655	17
655	1083
655	12
655	106
655	4
655	14
655	105
656	291
656	13
656	101
656	318
656	102
656	1102
656	91
656	823
657	2752
657	2753
657	46
657	15
657	40
657	178
657	91
657	12
657	13
657	320
657	2754
658	330
658	412
658	1088
658	264
658	205
658	281
658	14
658	4
658	85
658	12
658	91
658	238
658	21
659	134
659	660
659	22
659	14
659	10
659	113
659	12
659	13
659	21
659	33
659	45
660	15
660	218
660	271
660	34
660	12
660	14
660	22
660	128
660	2755
661	24
661	35
661	25
661	173
661	1603
661	184
661	160
661	12
661	13
661	33
661	20
662	84
662	17
662	2062
662	238
662	12
662	19
662	318
662	1337
662	21
662	91
662	242
662	13
663	886
663	2756
663	746
663	620
663	91
663	2116
663	242
663	177
663	19
663	12
664	300
664	25
664	2
664	17
664	101
664	10
664	12
664	22
664	113
664	20
664	13
664	33
664	21
665	920
665	955
665	547
665	19
665	241
665	22
665	4
665	14
665	12
665	113
665	33
665	7
666	145
666	437
666	14
666	4
666	12
666	1411
666	91
666	7
667	2757
667	102
667	208
667	238
667	91
667	12
667	116
667	113
668	43
668	19
668	32
668	352
668	91
668	116
668	22
668	11
668	14
668	4
668	12
668	13
668	7
669	80
669	256
669	125
669	115
669	22
669	4
669	21
669	102
669	113
669	237
669	12
669	33
669	13
669	177
669	91
669	45
670	932
670	4
670	14
670	11
670	318
670	10
670	91
670	21
670	22
671	685
671	1295
671	60
671	14
671	277
672	685
672	1208
672	54
672	151
672	28
672	12
672	91
672	22
673	40
673	474
673	19
673	4
673	12
673	37
673	11
673	33
674	2758
674	2759
674	19
674	17
674	868
674	12
674	21
675	700
675	36
675	358
675	125
675	17
675	4
675	14
675	102
675	280
675	12
675	13
675	163
675	287
675	583
676	14
676	4
676	146
676	125
676	174
676	968
676	125
676	625
676	105
676	19
676	10
676	91
676	238
676	85
676	318
676	12
676	21
676	2693
677	80
677	101
677	10
678	2702
678	2760
678	2761
678	2762
678	2763
678	2764
678	1208
678	264
678	570
678	4
678	32
678	19
678	432
679	849
679	498
679	521
679	12
679	33
680	379
680	19
680	16
680	17
680	12
680	13
680	178
680	11
680	22
680	4
680	1151
681	19
681	284
681	437
681	17
681	36
681	22
681	13
681	12
681	33
681	7
682	222
682	125
682	1049
682	4
682	190
682	10
682	626
682	105
682	12
682	21
682	91
683	810
683	4
683	12
683	13
683	10
684	157
684	886
684	12
684	235
684	11
684	33
684	22
684	91
684	19
684	821
685	2157
685	675
685	12
685	509
685	37
685	11
685	14
685	33
686	1018
686	372
686	437
686	44
686	675
686	264
686	766
686	167
686	105
686	12
686	397
686	91
686	21
686	238
687	43
687	675
687	19
687	25
687	22
687	14
687	102
687	12
687	13
687	33
687	21
687	113
687	45
688	1075
688	146
688	102
688	167
688	2043
688	12
688	91
688	397
689	533
689	418
689	898
689	19
689	22
689	169
689	12
689	33
689	672
689	91
689	7
690	134
690	2765
690	19
690	12
690	13
690	21
690	91
690	34
690	11
690	2229
691	284
691	22
691	102
691	14
691	4
691	12
691	13
691	91
691	113
691	21
691	45
692	467
692	22
692	4
692	14
692	12
692	13
692	91
692	113
692	33
692	45
693	43
693	19
693	968
693	22
693	4
693	14
693	45
693	113
693	12
693	13
693	91
693	21
693	33
694	122
694	102
694	10
694	12
695	19
695	44
695	1444
695	25
695	12
695	13
695	21
695	33
695	4
695	7
696	428
696	315
696	12
696	4
696	102
696	101
696	318
696	45
697	428
697	125
697	83
697	148
697	19
697	103
697	34
697	12
697	37
697	4
697	14
697	22
697	128
697	91
697	21
698	2067
698	663
698	437
698	1159
698	766
698	264
698	12
698	105
698	91
698	397
698	21
698	238
698	20
699	173
699	347
699	14
699	4
699	10
699	12
699	60
699	434
699	55
699	20
700	510
700	4
700	14
700	11
700	1212
700	12
700	91
701	2766
701	1847
701	21
701	12
701	2767
702	700
702	53
702	7
702	12
702	10
702	22
702	102
702	91
702	208
703	350
703	1027
703	14
703	4
703	280
703	2075
703	12
704	43
704	14
704	1216
704	4
704	91
705	336
705	437
705	25
705	4
705	12
705	13
705	33
705	21
706	2135
706	437
706	372
706	766
706	379
706	264
706	144
706	190
706	36
706	105
706	12
706	397
706	91
706	21
706	238
706	20
707	119
707	14
707	4
707	91
707	238
707	21
708	4
708	328
708	125
708	14
708	7
708	12
708	13
708	318
708	91
708	21
708	280
708	238
709	816
709	102
709	14
709	95
709	4
709	818
709	819
709	523
710	398
710	102
710	103
710	14
710	91
710	113
710	12
711	146
711	11
711	10
711	21
711	91
711	19
712	196
712	12
712	13
712	91
712	121
712	8
712	33
712	14
712	45
713	1070
713	91
713	316
713	19
714	2768
714	22
714	299
714	14
714	4
714	7
715	43
715	175
715	36
715	13
715	33
715	12
715	20
715	91
715	60
716	908
716	43
716	524
716	14
716	4
716	190
716	7
716	12
716	13
716	21
716	163
717	955
717	17
717	25
717	44
717	43
717	19
717	241
717	1347
717	12
717	383
717	113
717	33
717	7
718	119
718	40
718	79
718	14
718	102
718	4
718	45
719	467
719	2769
719	437
719	256
719	2736
719	345
719	898
719	292
719	868
719	14
719	32
720	214
720	134
720	2
720	44
720	437
720	19
720	25
720	675
720	12
720	13
720	91
720	33
721	214
721	105
721	437
721	379
721	766
721	521
721	675
721	174
721	264
721	12
721	397
721	91
721	21
721	238
722	300
722	25
722	59
722	1444
722	22
722	299
722	102
722	14
722	4
722	33
722	12
722	318
723	134
723	40
723	22
723	12
723	4
723	21
723	45
724	40
724	547
724	19
724	12
724	935
724	126
724	167
724	14
724	102
724	4
724	91
724	116
724	34
725	2
725	19
725	22
725	104
725	91
725	116
725	11
725	10
725	12
725	13
725	4
725	14
725	102
726	174
726	102
726	14
726	101
726	4
726	19
726	22
726	12
726	499
726	91
726	13
726	11
726	116
727	156
727	688
727	25
727	44
727	4
727	10
727	116
727	91
727	523
727	280
727	21
727	33
728	1793
728	1816
728	12
728	37
728	21
728	4
728	281
729	1793
729	2
729	167
729	663
729	12
729	37
729	21
729	2770
729	1525
729	4
730	675
730	15
730	1444
730	160
730	59
730	25
730	144
730	14
730	4
730	45
730	12
730	13
730	10
730	11
730	21
730	299
731	2771
731	15
731	437
731	43
731	219
731	25
731	26
731	2
731	17
731	12
731	91
731	397
731	21
731	238
732	214
732	15
732	43
732	1159
732	766
732	521
732	36
732	12
732	91
732	397
732	21
732	238
733	32
733	898
733	269
733	102
733	54
733	256
733	12
733	21
734	1827
734	222
734	174
734	277
734	242
734	318
734	91
734	238
734	21
735	2772
735	547
735	12
735	11
735	4
735	14
735	37
736	1995
736	852
736	2605
736	2773
736	318
736	280
736	21
736	238
736	2577
736	13
736	12
736	523
736	7
737	437
737	968
737	181
737	190
737	128
737	12
737	13
737	19
737	105
737	1328
737	281
738	437
738	24
738	26
738	19
738	281
738	12
738	523
738	21
739	437
739	24
739	19
739	22
739	329
739	14
739	12
739	13
739	45
740	1649
740	167
740	437
740	766
740	675
740	36
740	190
740	12
740	105
740	397
740	91
740	21
740	238
740	20
741	94
741	114
741	54
741	19
741	12
741	11
741	21
741	13
741	22
741	14
741	4
741	33
741	45
742	2774
742	43
742	25
742	44
742	190
742	675
742	12
742	397
742	91
742	2775
742	21
742	238
743	134
743	43
743	44
743	25
743	675
743	19
743	12
743	13
743	33
743	113
743	22
743	21
743	45
744	43
744	144
744	315
744	205
744	14
744	290
744	12
745	963
745	968
745	21
745	14
745	4
745	13
745	12
745	7
745	113
745	20
746	40
746	19
746	561
746	12
746	13
746	21
746	4
746	102
746	22
747	2776
747	358
747	12
747	113
747	22
747	4
747	14
748	2777
748	284
748	26
748	1158
748	45
748	12
748	13
748	299
748	91
748	11
749	197
749	40
749	14
749	103
749	11
749	104
749	10
749	5
749	12
749	21
749	22
750	59
750	806
750	17
750	153
750	22
750	968
750	44
750	12
750	4
750	14
750	11
750	28
750	318
750	13
750	172
750	20
750	91
751	519
751	4
751	10
751	14
751	85
751	24
751	523
751	17
752	2778
752	119
752	1750
752	14
752	205
753	321
753	264
753	17
753	19
753	396
753	238
753	14
753	13
753	44
753	21
753	4
753	113
753	79
753	322
753	91
753	12
753	10
754	1140
754	17
754	25
754	44
754	47
754	4
754	12
754	11
754	10
754	13
754	21
754	22
754	1525
754	4
755	1140
755	17
755	12
755	22
756	467
756	25
756	17
756	12
756	13
756	14
756	33
756	268
756	21
756	4
757	467
757	25
757	17
757	44
757	14
757	12
757	11
757	21
757	13
757	4
757	33
758	156
758	44
758	22
758	101
758	4
758	13
758	318
758	33
758	113
758	21
758	45
759	160
759	12
759	13
759	10
759	142
759	55
759	33
759	4
760	151
760	10
760	247
760	13
760	12
760	33
761	2779
761	464
761	2246
761	19
761	412
761	40
761	437
761	12
761	116
761	10
761	33
761	21
761	22
761	14
761	102
762	415
762	39
762	4
762	14
762	1151
762	11
762	12
763	12
763	113
763	55
763	4
763	14
764	2135
764	43
764	1444
764	766
764	437
764	25
764	256
764	105
764	12
764	91
764	397
764	1481
764	819
765	40
765	1360
765	4
765	12
765	13
765	21
765	34
766	144
766	357
766	12
766	13
766	102
766	14
766	401
766	7
766	965
766	321
766	17
766	661
766	266
766	44
766	21
766	22
766	1208
766	245
766	2780
766	505
766	4
766	10
766	55
766	70
766	2781
766	415
766	598
766	277
766	757
766	468
766	725
766	113
766	324
766	205
766	60
766	660
767	144
767	357
767	12
767	13
767	55
767	102
767	14
767	401
767	7
767	965
767	321
767	17
767	661
767	266
767	44
767	4
767	21
767	22
767	1208
767	245
767	2780
767	505
767	10
767	70
767	2781
767	415
767	445
767	277
767	757
767	468
767	725
767	113
767	324
767	205
767	60
767	660
768	886
768	102
768	222
768	11
768	10
768	91
768	22
768	821
768	238
768	256
768	26
769	39
769	2683
769	25
769	59
769	22
769	2597
769	21
769	13
769	14
769	12
769	172
769	427
769	445
769	20
769	277
770	25
770	26
770	968
770	685
770	2664
770	2512
770	2782
770	35
770	149
770	441
770	2783
770	44
770	11
770	2784
770	401
770	91
770	10
770	13
770	242
771	2354
771	875
771	725
771	12
771	13
771	11
771	21
771	245
772	571
772	2785
772	2057
772	1398
772	102
772	13
772	21
772	281
772	91
772	11
772	33
772	12
772	14
772	10
773	571
773	102
773	13
773	21
774	2779
774	2786
774	12
774	91
774	509
