0	106
0	10
0	238
0	40
0	14
0	101
0	104
0	91
0	895
1	300
1	102
1	14
1	290
1	101
1	10
1	91
1	33
1	268
1	58
2	533
2	17
2	16
2	25
2	271
2	113
2	12
2	13
2	22
3	84
3	19
3	12
3	85
3	4
3	14
3	725
3	33
3	523
3	237
3	1481
4	1516
4	533
4	4
4	14
4	12
4	37
4	11
4	22
4	91
4	10
5	40
5	1416
5	437
5	2461
5	44
5	688
5	280
5	4
5	13
5	12
5	421
5	22
5	20
6	46
6	16
6	17
6	437
6	271
6	19
6	22
6	4
6	113
6	12
6	13
6	20
6	28
7	1161
7	524
7	1088
7	4
7	350
7	148
7	21
7	397
8	42
8	238
8	104
8	22
8	20
8	4
8	14
8	102
8	116
8	280
8	287
8	12
8	10
8	444
8	502
8	91
9	1046
9	437
9	25
9	174
9	19
9	255
9	12
9	13
9	320
9	238
9	105
10	60
10	4
10	14
10	113
10	4
11	428
11	2
11	22
11	34
11	91
11	12
11	13
11	10
11	11
11	4
11	14
12	2801
12	664
12	254
12	20
12	401
12	13
12	91
12	280
12	10
12	95
12	12
12	4
12	14
13	829
13	19
13	576
13	7
13	12
13	13
13	4
13	14
13	102
13	11
13	33
13	237
13	418
13	91
14	321
14	19
14	664
14	12
14	13
14	4
14	14
14	280
14	23
14	1437
14	287
14	20
14	444
15	467
15	2361
15	17
15	43
15	19
15	277
15	20
15	245
15	427
15	4
15	280
15	12
15	13
15	22
15	28
15	21
16	2802
16	285
16	2803
16	4
16	14
16	280
16	13
16	444
17	1476
17	303
17	577
17	1557
17	12
17	37
17	28
17	4
18	218
18	303
18	577
18	418
18	12
18	37
18	28
18	4
19	284
19	157
19	237
19	91
19	142
19	257
19	12
19	11
19	116
19	10
20	16
20	872
20	95
20	54
20	25
20	12
20	21
20	22
20	19
20	33
21	119
21	101
21	654
21	45
21	10
21	116
21	11
21	12
21	22
21	91
21	36
21	13
21	102
21	4
21	14
22	321
22	48
22	25
22	157
22	13
22	12
22	4
22	280
22	14
22	22
22	20
23	300
23	17
23	437
23	43
23	125
23	14
23	102
23	91
23	21
23	113
23	10
23	20
24	145
24	2213
24	25
24	44
24	4
24	14
24	22
24	10
24	11
24	91
24	13
24	129
24	401
24	20
25	43
25	281
25	12
25	91
25	10
25	11
25	55
25	14
25	4
25	136
25	13
25	33
26	171
26	237
26	102
26	36
26	33
26	10
26	116
26	13
27	10
27	4
27	14
27	11
27	91
28	2804
28	16
28	2805
28	676
28	54
28	12
28	13
28	1367
28	19
28	22
28	238
28	593
28	102
29	2804
29	2806
29	17
29	2807
29	44
29	1081
29	163
29	12
29	13
29	21
29	91
29	113
29	102
29	238
29	593
29	22
30	2804
30	621
30	79
30	54
30	18
30	25
30	163
30	12
30	13
30	281
30	91
30	22
30	2808
30	238
31	43
31	2809
31	2810
31	11
31	264
31	12
31	14
31	60
32	44
32	25
32	2811
32	943
32	570
32	182
32	2812
32	22
32	444
32	95
32	280
32	10
32	91
32	13
32	247
32	401
33	192
33	187
33	17
33	148
33	16
33	48
33	160
33	25
33	94
33	4
33	14
33	113
33	12
33	13
33	20
34	321
34	16
34	219
34	17
34	2484
34	688
34	1816
34	25
34	44
34	187
34	14
34	4
34	280
34	91
34	12
34	13
34	245
35	145
35	556
35	203
35	149
35	25
35	2
35	2813
35	2814
35	17
35	12
35	14
35	523
35	13
35	7
36	40
36	442
36	16
36	17
36	437
36	219
36	25
36	303
36	43
36	19
36	12
36	13
36	178
36	22
36	28
36	20
36	36
37	40
37	43
37	2
37	46
37	219
37	25
37	17
37	437
37	264
37	157
37	44
37	10
37	11
37	19
37	4
37	14
37	33
38	264
38	437
38	17
38	174
38	860
38	19
38	28
38	20
38	4
38	12
38	13
38	280
38	427
38	287
39	24
39	746
39	116
39	60
39	12
39	55
39	33
39	14
40	24
40	437
40	17
40	2815
40	22
40	20
40	12
40	13
40	245
41	1233
41	25
41	113
41	14
41	129
41	58
41	10
41	91
41	13
41	33
42	924
42	25
42	271
42	10
42	91
42	13
42	22
42	33
42	58
43	77
43	7
43	12
43	60
43	4
43	14
43	11
43	20
44	847
44	18
44	16
44	125
44	17
44	102
44	91
44	33
44	12
44	10
44	13
44	116
45	300
45	25
45	267
45	315
45	775
45	133
45	55
45	10
45	91
45	113
45	37
45	12
45	14
45	4
45	33
45	1328
46	847
46	18
46	190
46	12
46	13
46	91
46	121
46	33
47	44
47	241
47	5
47	237
47	12
47	13
47	1347
47	383
47	7
48	1429
48	1104
48	12
48	280
48	13
48	22
48	281
48	14
48	4
49	614
49	2816
49	235
49	34
49	12
49	14
49	21
49	290
49	1191
50	43
50	44
50	860
50	2671
50	2817
50	22
50	4
50	91
50	12
50	13
50	280
50	20
51	285
51	789
51	1437
51	4
51	14
51	280
51	10
51	12
51	91
51	13
51	20
52	284
52	22
52	12
52	91
52	116
52	14
52	13
52	113
52	10
52	20
53	218
53	637
53	12
53	11
53	4
54	285
54	570
54	44
54	2818
54	13
54	280
54	28
55	285
55	1537
55	12
55	13
55	91
55	2817
55	1437
55	280
55	10
55	4
55	14
55	20
56	810
56	1287
56	284
56	438
56	19
56	22
56	36
56	4
56	14
56	13
56	116
56	113
56	12
56	20
57	810
57	284
57	2005
57	438
57	19
57	36
57	12
57	116
57	13
57	14
57	4
57	113
57	1188
57	20
58	19
58	26
58	144
58	22
58	94
58	13
58	28
58	4
58	20
58	113
58	12
59	43
59	253
59	4
59	187
59	14
59	280
59	10
59	91
59	2819
59	383
59	12
59	2820
59	2821
59	1256
59	2822
59	2823
60	43
60	437
60	17
60	25
60	253
60	12
60	10
60	13
60	4
60	14
60	11
60	91
60	20
60	746
60	383
61	43
61	2
61	437
61	17
61	25
61	34
61	12
61	14
61	11
61	33
61	5
61	20
61	91
61	4
62	190
62	174
62	219
62	799
62	318
62	10
62	191
62	91
62	238
62	523
62	869
63	1785
63	2824
63	91
63	2825
64	278
64	44
64	13
64	22
64	401
64	905
64	12
64	444
65	218
65	1020
65	34
65	12
65	37
65	4
65	11
65	113
66	40
66	1036
66	101
66	14
66	10
66	106
67	147
67	253
67	10
67	91
67	12
67	268
67	13
68	2
68	881
68	44
68	570
68	421
68	20
68	280
68	10
68	91
68	12
68	13
68	2826
68	22
69	300
69	113
69	10
69	4
69	14
69	116
69	91
69	12
69	13
69	245
69	444
70	578
70	256
70	113
70	10
70	91
70	13
70	7
71	42
71	208
71	4
71	113
71	10
71	91
71	22
71	20
72	2827
72	872
72	363
72	278
72	34
72	12
72	37
72	33
73	801
73	10
73	91
73	626
73	101
73	1053
74	414
74	264
74	95
74	14
74	91
74	12
74	21
74	238
75	1265
75	4
75	280
75	14
75	10
75	21
75	33
76	700
76	17
76	46
76	148
76	16
76	164
76	409
76	157
76	302
76	54
76	22
76	12
76	13
76	4
76	11
76	128
76	20
77	197
77	17
77	4
77	14
77	12
77	13
77	113
77	281
78	2828
78	2010
78	13
78	12
78	20
78	28
78	22
79	43
79	17
79	25
79	149
79	178
79	4
79	113
79	12
79	13
79	22
79	28
80	145
80	25
80	19
80	14
80	421
80	280
80	10
80	4
80	12
80	13
80	22
80	401
80	20
81	16
81	834
81	17
81	25
81	48
81	32
81	18
81	598
81	302
81	1243
81	12
81	13
81	33
81	10
81	290
81	4
81	14
81	91
81	129
81	55
81	347
82	300
82	675
82	4
82	14
82	102
82	36
82	33
82	91
82	13
82	85
82	10
82	21
83	1177
83	266
83	44
83	2
83	12
83	13
83	10
83	45
84	93
84	19
84	25
84	17
84	44
84	12
84	10
84	37
84	14
84	11
84	324
84	22
84	4
84	20
84	128
84	320
85	437
85	17
85	43
85	264
85	219
85	119
85	44
85	4
85	13
85	280
85	12
85	22
85	28
85	20
85	245
86	25
86	10
86	12
86	13
86	21
86	22
87	192
87	25
87	187
87	17
87	16
87	22
87	4
87	14
87	13
87	12
87	113
87	28
88	881
88	44
88	25
88	2829
88	2830
88	14
88	12
88	383
88	13
88	990
88	5
88	444
89	431
89	1330
89	46
89	254
89	654
89	437
89	19
89	94
89	45
89	104
89	91
89	12
89	11
89	21
89	22
89	10
89	4
89	14
90	266
90	219
90	12
90	13
90	299
90	45
90	28
91	437
91	17
91	46
91	25
91	157
91	4
91	113
91	12
91	13
91	20
92	2831
92	789
92	113
92	12
92	13
92	245
92	4
92	14
92	102
92	1318
92	444
93	46
93	146
93	1436
93	4
93	280
93	10
93	91
93	13
93	245
93	22
94	43
94	17
94	2832
94	44
94	25
94	860
94	13
94	280
94	12
94	245
94	28
95	219
95	79
95	113
95	12
95	13
95	4
95	14
96	431
96	4
96	14
96	280
96	10
96	91
96	13
96	12
96	444
97	847
97	18
97	17
97	16
97	125
97	12
97	10
97	116
97	13
97	33
97	102
97	91
98	134
98	17
98	264
98	12
98	13
98	280
98	427
98	4
98	28
98	20
99	241
99	547
99	266
99	1188
99	12
99	13
99	91
99	113
99	20
99	58
100	2833
100	44
100	10
100	280
100	12
100	4
100	91
100	20
100	22
100	401
100	13
100	21
101	44
101	2834
101	12
101	13
101	22
101	28
101	20
102	40
102	558
102	216
102	19
102	4
102	318
102	401
102	21
103	19
103	12
103	4
103	14
103	102
103	13
103	7
104	144
104	916
104	1104
104	626
104	22
104	12
104	13
104	91
104	45
105	43
105	32
105	4
105	102
105	2835
105	1216
105	101
105	823
105	2836
105	281
105	21
106	533
106	17
106	22
106	438
106	12
106	14
106	237
106	113
106	91
106	593
106	128
106	4
107	1279
107	119
107	43
107	155
107	421
107	280
107	91
107	12
107	13
107	22
107	20
108	145
108	10
108	4
108	14
108	129
108	11
108	91
109	119
109	40
109	25
109	44
109	104
109	91
109	10
109	20
109	113
109	14
109	444
110	881
110	427
110	1437
110	280
110	10
110	91
110	13
110	401
111	602
111	439
111	280
111	13
111	12
111	287
111	19
111	281
112	602
112	125
112	439
112	12
112	983
112	22
113	264
113	2837
113	113
113	10
113	12
113	13
113	91
113	444
113	238
113	245
114	2344
114	437
114	439
114	400
114	12
114	10
114	280
114	13
114	91
114	4
114	14
115	43
115	401
115	440
115	163
115	12
115	10
115	91
115	20
115	13
115	102
116	167
116	91
116	138
116	1590
116	1237
116	1272
116	1502
117	1325
117	2062
117	4
117	14
117	10
117	444
118	16
118	2229
118	91
118	22
118	12
118	19
118	281
119	195
119	898
119	12
119	13
119	91
119	10
119	142
119	113
119	7
119	238
119	21
119	4
119	14
120	2838
120	102
120	4
120	21
120	12
120	91
121	44
121	19
121	103
121	22
121	12
121	113
121	13
121	20
122	43
122	440
122	10
122	12
122	116
122	13
122	280
122	91
122	444
122	401
122	4
122	22
123	43
123	440
123	5
123	10
123	91
123	11
123	12
123	245
123	4
123	22
123	246
124	16
124	19
124	36
124	303
124	4
124	280
124	13
124	22
124	12
124	20
125	328
125	2
125	17
125	19
125	241
125	22
125	113
125	10
125	12
125	13
125	14
125	4
125	91
125	383
125	20
125	5
126	2
126	19
126	213
126	34
126	12
126	116
126	13
126	22
126	91
126	238
127	264
127	44
127	332
127	439
127	292
127	54
127	174
127	303
127	125
127	570
127	10
127	13
127	12
127	91
127	11
127	116
127	22
127	14
127	238
127	21
128	2839
128	2013
128	498
128	138
128	292
128	4
128	32
128	509
128	12
128	21
129	213
129	91
129	287
129	1197
129	2132
130	431
130	1168
130	2840
130	4
130	14
130	95
130	91
130	21
130	238
131	547
131	19
131	23
131	13
131	10
131	91
131	12
131	280
131	116
131	22
131	167
131	20
132	156
132	521
132	12
132	238
132	21
132	55
132	14
132	4
132	91
132	116
133	16
133	25
133	17
133	44
133	12
133	13
133	238
133	2841
133	4
133	14
134	2807
134	872
134	182
134	393
134	12
134	4
134	14
134	11
134	83
134	45
134	21
134	19
135	292
135	19
135	287
135	91
135	10
135	116
135	14
136	2842
136	54
136	151
136	2229
136	263
136	4
136	14
136	12
136	91
136	11
136	37
136	509
136	245
136	33
137	151
137	2229
137	263
137	4
137	14
137	12
137	91
137	11
137	37
137	509
137	245
137	33
137	2037
137	54
138	24
138	144
138	254
138	54
138	17
138	43
138	14
138	128
138	21
138	113
139	218
139	289
139	588
139	43
139	10
139	4
139	14
139	55
139	33
139	104
139	5
139	91
139	290
139	20
139	113
140	2843
140	43
140	351
140	1530
140	11
140	37
140	12
140	22
140	4
140	14
141	53
141	43
141	351
141	19
141	11
141	37
141	12
141	22
141	4
141	14
142	43
142	4
142	427
142	2736
142	13
142	268
142	12
143	519
143	4
143	14
143	85
143	10
143	1416
143	383
144	515
144	357
144	12
144	397
144	33
145	44
145	12
145	10
145	13
145	91
145	45
146	428
146	7
146	396
146	4
146	102
146	14
146	12
146	91
146	324
147	533
147	10
147	116
147	4
147	113
147	91
147	58
148	1586
148	676
148	17
148	1188
148	26
148	12
148	13
148	14
148	33
148	4
148	102
148	21
148	20
148	113
148	128
149	810
149	19
149	4
149	14
149	167
149	281
149	113
149	12
149	13
149	22
150	547
150	241
150	22
150	4
150	91
150	33
150	113
150	58
150	116
150	12
151	2
151	19
151	91
151	13
151	320
151	1328
152	46
152	1393
152	25
152	4
152	14
152	318
152	1328
152	11
152	22
152	128
152	33
152	7
153	16
153	46
153	44
153	524
153	4
153	14
153	102
153	12
153	91
153	318
153	10
153	116
153	21
153	33
153	11
153	22
154	59
154	46
154	216
154	44
154	255
154	523
154	11
154	13
154	12
154	21
154	4
154	14
155	768
155	253
155	17
155	44
155	25
155	4
155	14
155	113
155	12
155	13
155	22
155	28
156	114
156	17
156	1267
156	11
156	12
156	13
156	523
156	238
157	43
157	25
157	17
157	558
157	44
157	181
157	414
157	523
157	13
157	12
157	21
158	379
158	17
158	43
158	12
158	4
158	14
158	11
158	128
159	186
159	25
159	44
159	882
159	17
159	12
159	10
159	13
159	4
159	14
159	113
159	91
159	245
159	20
160	614
160	44
160	25
160	20
160	14
160	91
160	113
160	10
160	4
160	12
161	158
161	19
161	22
161	20
161	33
161	116
161	2129
161	12
161	4
161	14
161	102
161	11
161	55
161	163
162	26
162	12
162	33
162	13
162	22
162	7
163	2844
163	18
163	16
163	17
163	44
163	2379
163	1360
163	93
163	1158
163	1409
163	2845
163	314
163	79
163	44
163	2846
163	302
163	75
163	101
163	437
163	12
163	13
163	237
163	1102
163	133
163	1481
163	33
163	4
163	14
163	888
163	129
164	468
164	144
164	44
164	165
164	400
164	12
164	11
164	126
164	14
164	102
164	4
164	10
164	21
164	116
164	91
164	13
164	562
165	17
165	12
165	13
165	22
165	7
165	128
166	145
166	25
166	17
166	4
166	14
166	12
166	11
166	91
166	37
166	509
167	160
167	17
167	12
167	13
167	28
167	34
167	22
168	145
168	2847
168	4
168	14
168	280
169	379
169	427
169	280
169	12
169	22
169	2329
169	13
169	20
169	450
169	4
169	28
169	4
169	400
169	245
170	16
170	530
170	852
170	2848
170	17
170	437
170	44
170	25
170	789
170	19
170	22
170	245
170	20
170	4
170	12
170	13
170	280
171	26
171	44
171	1537
171	12
171	444
171	11
171	10
171	91
171	13
171	2849
171	22
171	401
172	40
172	357
172	1213
172	103
172	12
172	11
172	4
173	429
173	91
173	113
173	10
173	116
173	4
173	14
173	33
173	22
173	21
173	20
174	568
174	569
174	570
174	373
174	14
174	4
174	102
174	22
174	11
174	10
174	12
174	13
174	116
175	1475
175	25
175	351
175	19
175	12
175	22
175	37
175	14
175	33
176	151
176	12
176	10
176	13
176	55
176	101
176	11
176	45
177	47
177	12
177	4
177	14
177	142
178	468
178	102
178	4
178	14
178	113
178	10
178	12
178	131
178	13
178	104
178	112
178	55
178	36
178	21
178	34
178	33
178	22
179	186
179	2
179	160
179	25
179	22
179	4
179	10
179	91
179	13
179	116
179	390
180	409
180	157
180	174
180	12
180	10
180	116
180	91
180	287
180	280
180	4
180	14
180	102
180	19
180	444
181	43
181	147
181	357
181	26
181	17
181	556
181	2850
181	149
181	94
181	44
181	19
181	45
181	33
181	13
181	12
181	22
181	11
181	4
181	14
181	21
181	10
181	383
182	43
182	45
182	13
182	12
182	11
182	21
182	2851
182	94
182	17
182	149
182	556
182	457
182	357
182	26
182	44
183	284
183	467
183	2
183	331
183	19
183	4
183	14
183	21
183	113
183	12
183	13
183	116
183	22
183	20
184	134
184	664
184	187
184	19
184	174
184	167
184	287
184	36
184	4
184	13
184	12
184	5
184	383
184	14
184	444
185	300
185	167
185	12
185	10
185	238
185	13
185	11
185	394
185	4
185	91
186	16
186	17
186	187
186	289
186	19
186	241
186	12
186	13
186	290
186	5
186	383
186	4
186	20
187	409
187	19
187	4
187	20
187	427
187	1421
187	85
187	21
187	383
188	300
188	17
188	16
188	437
188	125
188	22
188	113
188	10
188	13
188	14
188	102
188	33
188	21
188	20
188	91
189	330
189	476
189	13
189	12
189	11
189	4
189	14
189	91
190	72
190	17
190	22
190	36
190	209
190	268
190	4
190	12
190	14
190	13
190	21
191	2852
191	766
191	576
191	19
191	18
191	125
191	12
191	13
191	33
191	22
191	245
191	4
191	14
192	134
192	17
192	19
192	1267
192	4
192	12
192	13
192	280
192	427
192	22
192	421
192	20
192	28
193	2448
193	222
193	663
193	19
193	14
193	12
193	11
193	37
193	877
193	55
193	2853
194	2854
194	102
194	1328
194	13
194	21
194	238
195	321
195	2855
195	1305
195	187
195	4
195	14
195	20
195	1548
195	91
195	10
195	13
195	12
195	12
196	196
196	4
196	14
196	102
196	2856
196	10
196	91
196	33
196	320
196	263
196	750
196	2857
196	1042
197	19
197	16
197	17
197	22
197	12
197	13
197	20
198	2858
198	2848
198	280
198	12
198	13
198	102
198	1888
198	770
198	22
198	20
199	16
199	437
199	530
199	547
199	19
199	14
199	102
199	22
199	4
199	12
199	13
199	280
199	5
199	10
200	42
200	102
200	14
200	4
200	12
200	13
200	2659
200	21
200	245
200	22
200	20
201	264
201	587
201	167
201	444
201	22
201	21
201	11
201	10
201	116
201	12
201	13
201	401
201	91
202	134
202	32
202	271
202	663
202	34
202	12
202	13
202	4
202	14
202	102
202	55
202	11
202	33
202	19
202	1601
202	320
202	91
203	222
203	278
203	101
203	19
203	299
203	45
203	33
203	12
203	91
203	10
203	14
203	13
204	222
204	40
204	32
204	898
204	509
204	12
204	11
204	4
204	14
204	116
204	320
204	37
204	128
205	366
205	801
205	25
205	4
205	102
205	101
205	14
205	10
205	626
205	226
205	85
205	33
206	2859
206	432
206	748
206	54
206	25
206	47
206	12
206	11
206	427
206	13
206	245
206	22
207	547
207	608
207	1222
207	25
207	570
207	421
207	280
207	13
207	12
207	4
207	19
207	22
207	20
208	410
208	32
208	140
208	437
208	181
208	696
208	1042
208	12
208	21
209	19
209	167
209	91
209	287
209	1325
209	401
209	657
209	20
209	2860
210	288
210	849
210	12
210	13
210	280
210	91
210	4
210	19
210	22
210	20
211	43
211	256
211	32
211	44
211	14
211	1131
211	12
211	91
211	427
211	21
212	171
212	19
212	12
212	10
212	4
212	14
212	22
212	397
212	280
212	91
213	253
213	438
213	19
213	4
213	5
213	113
213	383
213	13
213	22
213	20
214	292
214	54
214	521
214	151
214	167
214	1530
214	12
214	37
214	21
214	509
215	300
215	22
215	241
215	102
215	113
215	10
215	91
215	12
215	116
215	33
215	58
216	134
216	32
216	22
216	19
216	12
216	37
216	4
216	14
216	102
216	324
216	237
216	36
216	45
216	91
217	285
217	53
217	12
217	91
217	2861
217	2862
217	10
217	22
217	4
217	14
218	134
218	16
218	25
218	17
218	48
218	94
218	14
218	4
218	12
218	13
218	21
218	22
218	20
218	28
218	116
219	26
219	19
219	7
219	33
219	178
219	12
219	11
219	13
219	22
220	155
220	36
220	14
220	4
220	11
220	10
220	238
220	565
220	324
221	16
221	1472
221	2863
221	12
221	13
221	280
221	2864
221	55
221	4
221	14
221	28
222	43
222	2
222	2865
222	17
222	4
222	28
222	14
222	280
222	13
222	12
222	401
223	145
223	55
223	4
223	14
223	36
223	280
223	12
223	13
224	927
224	17
224	47
224	12
224	13
224	45
225	963
225	25
225	219
225	17
225	44
225	153
225	14
225	427
225	91
225	21
225	113
225	12
225	13
225	4
226	122
226	575
226	94
226	570
226	163
226	19
226	12
226	280
226	13
226	4
226	14
226	22
227	1422
227	2866
227	17
227	19
227	28
227	20
227	12
227	13
227	280
227	421
227	22
228	62
228	440
228	79
228	190
228	101
228	45
228	299
228	33
228	4
228	14
228	129
228	91
228	13
228	10
228	290
229	19
229	101
229	160
229	4
229	102
229	401
229	12
229	237
229	85
229	22
229	7
230	14
230	12
230	13
230	10
230	116
230	91
230	33
231	742
231	10
231	91
231	2867
231	4
231	14
231	45
232	166
232	1437
232	34
232	12
232	60
232	14
232	102
232	11
232	324
232	4
232	313
233	164
233	22
233	125
233	125
233	19
233	256
233	34
233	12
233	10
233	14
233	11
233	116
233	33
233	237
233	91
233	4
234	62
234	19
234	174
234	113
234	10
234	12
234	91
234	13
234	22
234	116
234	241
234	33
234	390
235	81
235	91
235	116
235	12
235	13
235	33
236	1793
236	427
236	113
236	91
236	10
236	116
236	58
237	117
237	12
237	10
237	116
237	14
237	102
237	11
237	22
237	237
237	125
237	4
237	91
237	128
238	114
238	12
238	13
238	434
238	20
238	280
238	4
238	14
238	22
239	93
239	104
239	144
239	44
239	22
239	19
239	12
239	2868
239	280
239	20
240	2579
240	434
240	22
240	444
240	12
240	13
240	238
241	186
241	19
241	4
241	427
241	434
241	113
241	12
241	13
241	22
241	20
242	2123
242	2869
242	17
242	1995
242	962
242	13
242	12
242	281
242	128
243	515
243	95
243	4
243	12
243	21
243	22
243	397
244	331
244	25
244	182
244	47
244	45
244	11
244	91
244	33
244	10
244	13
245	881
245	34
245	14
245	238
245	91
246	924
246	264
246	44
246	36
246	14
246	22
246	91
246	10
246	116
246	401
246	7
247	25
247	91
247	287
247	10
247	583
247	14
247	21
247	238
247	324
248	43
248	44
248	271
248	113
248	91
248	13
248	12
248	889
248	208
248	4
248	22
248	20
249	145
249	253
249	17
249	167
249	12
249	13
249	33
249	142
249	116
249	21
249	280
249	4
249	14
250	119
250	125
250	103
250	10
250	4
250	14
250	11
250	45
250	91
250	1328
251	881
251	25
251	44
251	860
251	10
251	401
251	91
251	34
251	13
252	2005
252	12
252	10
252	116
252	14
252	4
252	113
252	91
252	58
253	62
253	103
253	14
253	4
253	113
253	10
253	60
253	12
253	13
253	22
254	24
254	95
254	10
254	12
254	91
254	238
255	2275
255	157
255	54
255	12
255	13
255	91
255	280
255	10
255	4
255	14
255	2830
255	22
255	401
255	444
256	57
256	1267
256	4
256	14
256	21
256	280
256	12
256	13
256	421
256	19
256	22
256	2870
256	34
257	43
257	25
257	2871
257	20
257	4
257	280
257	10
257	91
257	12
257	13
257	116
257	401
257	1318
258	2458
258	418
258	85
258	91
258	319
258	10
259	51
259	11
259	13
259	12
259	4
259	14
260	43
260	2872
260	12
260	13
260	55
260	163
261	12
261	10
261	13
261	4
261	14
261	33
261	91
262	2407
262	222
262	40
262	26
262	12
262	11
262	104
262	4
262	14
262	102
262	128
262	37
262	22
262	509
263	181
263	222
263	40
263	26
263	12
263	11
263	104
263	4
263	14
263	102
263	128
263	37
263	22
263	509
264	437
264	19
264	4
264	5
264	36
265	437
265	19
265	4
265	5
265	36
265	12
265	13
265	20
266	437
266	19
266	36
266	12
266	4
266	5
266	22
266	20
267	730
267	17
267	44
267	264
267	789
267	43
267	20
267	12
267	13
267	22
268	43
268	303
268	4
268	237
268	91
268	12
269	2
269	438
269	144
269	160
269	4
269	187
269	113
269	10
269	91
269	12
269	13
269	116
269	22
269	20
270	468
270	187
270	1816
270	12
270	11
270	19
270	135
270	33
270	2873
270	21
270	91
270	116
270	383
271	43
271	101
271	17
271	437
271	219
271	156
271	660
271	25
271	19
271	22
271	91
271	21
271	113
271	12
271	116
271	14
271	33
271	4
271	20
272	197
272	94
272	19
272	280
272	13
272	427
272	12
272	28
272	20
272	22
273	437
273	17
273	46
273	25
273	44
273	113
273	12
273	13
273	20
273	4
274	171
274	1493
274	95
274	189
274	12
274	11
274	33
274	37
274	104
274	509
274	14
274	4
274	91
274	10
275	40
275	1556
275	1596
275	4
275	33
275	12
275	37
275	509
276	81
276	924
276	44
276	26
276	54
276	14
276	523
276	318
276	91
276	238
276	21
277	409
277	881
277	36
277	12
277	13
277	383
277	4
277	280
277	116
277	2874
277	287
277	444
278	192
278	331
278	17
278	241
278	20
278	45
278	11
278	12
278	13
278	33
278	21
278	4
279	40
279	2
279	19
279	1820
279	17
279	12
279	21
280	2875
280	101
280	157
280	25
280	11
280	4
280	14
280	21
280	13
281	700
281	145
281	4
281	393
281	20
281	12
281	21
281	318
281	91
281	33
281	22
282	16
282	17
282	437
282	2876
282	19
282	860
282	26
282	20
282	280
282	12
282	13
282	22
282	28
283	19
283	167
283	17
283	181
283	2877
283	12
283	21
283	11
283	37
283	4
284	32
284	19
284	303
284	12
284	11
284	91
284	256
284	509
284	37
285	547
285	437
285	20
285	17
285	153
285	19
285	36
285	14
285	55
285	290
285	113
285	746
285	12
285	13
285	22
285	33
286	1537
286	43
286	17
286	25
286	12
286	13
286	4
286	245
286	287
286	28
286	20
287	19
287	25
287	160
287	12
287	13
287	33
287	4
287	21
287	45
288	321
288	175
288	12
288	427
288	85
288	4
288	19
289	81
289	219
289	94
289	128
289	22
289	11
289	33
289	12
289	13
289	91
289	55
290	167
290	10
290	1046
290	4
290	570
290	14
290	54
290	33
291	145
291	14
291	383
291	4
291	113
292	1531
292	241
292	142
292	19
292	7
292	12
292	13
292	11
292	4
292	14
292	55
293	554
293	147
293	91
293	1197
294	300
294	418
294	33
294	45
294	4
294	102
294	14
294	91
294	13
294	746
294	11
294	116
295	285
295	2878
295	4
295	91
295	2817
295	280
295	10
295	20
295	444
296	16
296	114
296	438
296	19
296	22
296	17
296	4
296	12
296	20
297	625
297	2879
297	167
297	1355
297	22
297	401
297	20
297	287
297	237
297	116
297	12
297	13
297	2880
297	10
297	91
298	134
298	54
298	12
298	13
298	280
298	22
298	4
298	14
298	2283
298	237
298	1325
298	121
298	34
298	401
299	2023
299	25
299	287
299	237
299	91
299	11
299	12
299	324
300	160
300	1209
300	299
300	33
300	45
300	13
300	12
300	11
301	43
301	1209
301	44
301	19
301	12
301	13
301	4
301	280
301	116
301	22
301	401
301	20
302	2881
302	93
302	664
302	19
302	302
302	2882
302	154
302	1208
302	11
302	21
302	12
302	126
302	13
302	4
302	14
302	245
303	265
303	4
303	14
303	12
303	13
303	11
303	22
304	43
304	12
304	13
304	280
304	4
304	14
304	55
305	285
305	336
305	754
305	4
305	14
305	1548
305	129
305	760
305	280
305	10
305	91
306	119
306	576
306	19
306	18
306	4
306	14
306	12
306	37
306	21
306	22
306	237
307	40
307	43
307	2883
307	94
307	570
307	19
307	22
307	12
307	13
307	280
307	245
307	28
307	2177
308	16
308	134
308	241
308	19
308	187
308	22
308	21
308	12
308	33
308	4
308	20
308	383
308	5
309	43
309	149
309	17
309	25
309	2884
309	14
309	22
309	20
309	4
309	280
309	12
309	13
310	2
310	151
310	102
310	280
310	10
310	12
310	116
310	13
310	4
310	14
310	33
311	467
311	1404
311	16
311	17
311	19
311	22
311	277
311	4
311	427
311	21
311	113
311	12
311	13
311	20
312	222
312	1919
312	14
312	85
312	318
312	91
312	2885
313	437
313	2750
313	12
313	167
313	22
313	19
313	1478
314	431
314	79
314	4
314	14
314	12
314	280
314	13
314	28
314	116
315	2
315	174
315	19
315	241
315	4
315	21
315	113
315	5
315	499
315	12
315	383
315	13
315	22
315	45
316	18
316	12
316	10
316	37
316	4
316	14
316	129
316	11
316	20
316	91
317	2886
317	716
317	2887
317	19
317	13
317	280
317	1186
317	287
317	383
317	444
317	4
318	253
318	4
318	113
318	10
318	91
318	33
318	20
319	72
319	19
319	687
319	12
319	10
319	13
319	33
319	4
319	91
319	113
319	58
320	963
320	10
320	4
320	14
320	11
320	22
320	102
320	245
320	128
320	21
320	91
320	45
321	1482
321	102
321	1498
321	12
321	11
321	21
321	4
321	14
321	91
321	116
321	37
321	163
321	33
322	134
322	102
322	36
322	12
322	11
322	21
322	4
322	14
322	91
322	116
322	37
322	163
322	33
323	916
323	102
323	2163
323	281
323	14
324	256
324	521
324	190
324	264
324	268
324	499
324	12
324	21
325	375
325	102
325	14
325	4
325	104
325	12
325	91
325	13
325	10
325	116
325	128
325	105
326	406
326	102
326	2650
326	4
326	14
326	11
326	12
326	37
326	91
326	21
326	116
326	268
327	1342
327	25
327	17
327	14
327	11
327	33
327	4
328	500
328	32
328	19
328	1186
328	509
328	12
328	11
328	22
328	4
328	14
328	21
329	134
329	44
329	2
329	144
329	663
329	19
329	22
329	113
329	12
329	13
329	20
330	659
330	2888
330	303
330	439
330	2889
330	91
330	2890
330	449
331	428
331	19
331	22
331	4
331	14
331	102
331	11
331	91
331	9
331	104
331	10
331	116
331	12
331	397
331	45
332	714
332	145
332	14
332	4
332	245
332	113
332	12
332	21
332	13
333	437
333	19
333	12
333	45
334	428
334	25
334	1416
334	4
334	22
334	12
334	10
334	13
334	401
334	20
335	406
335	437
335	11
335	12
335	19
335	251
335	13
335	4
335	14
336	24
336	318
336	280
336	91
336	397
336	12
336	22
336	4
336	14
337	27
337	318
337	280
337	4
337	14
337	102
337	12
337	22
337	397
338	26
338	18
338	32
338	102
338	318
339	84
339	178
339	19
339	12
339	13
339	22
339	4
339	113
339	14
339	34
340	19
340	12
340	13
340	113
340	45
341	145
341	19
341	437
341	17
341	43
341	26
341	44
341	14
341	4
341	949
341	10
341	13
341	12
341	22
342	2632
342	19
342	43
342	2891
342	12
342	5
342	37
342	354
342	4
343	43
343	19
343	17
343	16
343	437
343	25
343	44
343	1537
343	36
343	11
343	12
343	10
343	91
343	4
343	14
343	22
343	20
344	920
344	19
344	4
344	113
344	12
344	20
344	13
345	16
345	2132
345	19
345	12
345	13
345	280
345	22
345	20
346	117
346	14
346	36
346	4
346	33
346	163
346	116
346	280
346	20
346	12
346	13
347	468
347	241
347	2
347	25
347	17
347	22
347	113
347	10
347	12
347	13
347	102
347	20
347	21
348	284
348	701
348	14
348	12
348	280
348	91
348	21
348	397
348	22
349	1006
349	379
349	450
349	280
349	14
349	4
349	12
349	13
349	245
349	28
349	20
349	22
350	1264
350	284
350	437
350	410
350	54
350	26
350	12
350	37
350	11
350	91
350	2509
350	105
351	545
351	1158
351	284
351	25
351	44
351	17
351	255
351	437
351	509
351	12
351	13
351	280
351	4
351	14
352	1969
352	17
352	43
352	449
352	219
352	94
352	19
352	125
352	533
352	427
352	2892
352	13
352	12
352	22
352	401
352	20
352	444
353	381
353	2
353	4
353	14
353	91
353	21
353	113
353	10
353	22
353	20
354	2893
354	91
354	1197
354	1238
355	134
355	12
355	10
355	14
355	33
355	22
355	4
355	268
355	91
355	319
355	21
356	381
356	43
356	17
356	26
356	157
356	20
356	11
356	299
356	28
356	12
356	13
356	21
357	321
357	1816
357	111
357	12
357	13
357	91
357	401
357	10
357	14
357	4
357	20
357	22
358	2894
358	25
358	17
358	789
358	19
358	280
358	12
358	28
358	20
358	13
358	22
358	245
358	4
359	196
359	10
359	14
359	4
359	447
359	91
359	263
359	12
360	285
360	570
360	4
360	129
360	14
360	116
360	280
360	91
360	502
360	10
360	444
361	467
361	2
361	148
361	160
361	25
361	4
361	14
361	21
361	113
361	10
361	116
361	91
361	22
361	20
362	119
362	1739
362	4
362	112
362	91
362	12
362	427
362	19
362	281
363	206
363	102
363	101
363	111
363	167
363	12
363	895
363	2895
364	429
364	101
364	4
364	14
364	113
364	10
364	91
364	13
364	116
364	33
364	58
365	2456
365	157
365	54
365	392
365	280
365	10
365	4
365	14
365	91
365	12
365	13
365	167
365	22
365	401
365	444
366	17
366	1238
366	91
366	1197
366	290
367	17
367	1212
367	91
367	280
367	22
368	725
368	268
368	418
368	12
368	91
368	33
369	222
369	662
369	174
369	4
369	14
369	12
369	13
369	21
369	91
369	10
369	11
369	383
369	116
369	22
369	2896
369	7
369	553
369	277
370	145
370	19
370	25
370	167
370	4
370	280
370	22
370	14
370	238
370	444
370	5
370	383
370	10
370	91
370	13
371	145
371	280
371	19
371	167
371	4
371	14
371	91
371	36
371	5
371	383
371	401
372	196
372	12
372	21
372	4
372	14
372	280
372	281
372	22
372	2897
372	1186
372	354
372	523
373	114
373	241
373	37
373	12
373	10
373	14
373	129
373	11
373	4
373	888
373	91
373	268
373	58
374	1342
374	10
374	116
374	14
374	129
374	113
374	4
374	58
374	91
374	2898
375	93
375	5
375	7
375	33
375	19
375	687
375	91
375	13
375	12
375	11
375	4
375	14
376	2833
376	664
376	4
376	91
376	14
376	13
376	104
376	22
376	280
376	20
376	10
377	515
377	5
377	280
377	91
377	4
377	22
377	397
377	33
378	810
378	241
378	872
378	10
378	4
378	14
378	22
378	237
378	5
378	91
378	45
379	810
379	167
379	4
379	14
379	237
379	5
379	10
379	91
379	872
380	428
380	95
380	12
380	10
380	91
380	427
380	33
381	40
381	25
381	500
381	44
381	36
381	4
381	14
381	12
381	116
381	37
381	21
381	33
381	22
381	509
382	216
382	21
382	4
382	14
382	12
382	280
382	13
382	238
382	10
383	920
383	10
383	21
383	91
383	4
383	14
383	116
383	33
383	113
384	43
384	12
384	13
384	11
384	268
385	1065
385	7
385	10
385	4
385	14
385	324
385	22
385	91
385	113
386	134
386	280
386	14
386	10
386	116
386	22
386	91
386	21
387	1531
387	160
387	22
387	113
387	10
387	12
387	116
387	13
387	4
387	20
388	216
388	2057
388	17
388	2677
388	521
388	190
388	36
388	2899
388	12
388	13
388	91
388	238
388	21
389	145
389	222
389	646
389	664
389	12
389	10
389	13
389	280
389	14
389	4
389	4
389	401
389	444
390	431
390	17
390	47
390	25
390	12
390	4
390	14
390	11
390	21
390	22
391	43
391	17
391	19
391	36
391	12
391	13
391	10
391	280
391	746
391	383
391	4
391	14
391	167
391	287
391	444
392	1022
392	2847
392	860
392	4
392	280
392	12
392	13
392	14
393	547
393	5
393	4
393	113
393	10
393	91
393	12
393	13
393	22
393	142
393	20
394	467
394	17
394	44
394	25
394	14
394	4
394	280
394	12
394	13
394	116
395	40
395	102
395	2900
395	111
395	4
395	14
395	1234
395	34
395	128
395	10
395	21
395	12
395	103
395	36
395	33
396	511
396	716
396	44
396	4
396	14
396	91
396	129
396	280
396	10
396	116
396	401
396	20
397	186
397	437
397	438
397	19
397	17
397	174
397	36
397	113
397	12
397	13
397	21
397	22
397	33
397	116
397	20
398	1526
398	351
398	144
398	44
398	14
398	4
398	237
398	12
398	11
398	37
398	21
398	324
398	91
398	22
399	117
399	351
399	144
399	44
399	14
399	4
399	237
399	12
399	11
399	37
399	21
399	324
399	91
399	22
400	300
400	44
400	663
400	125
400	17
400	22
400	581
400	113
400	102
400	33
400	14
400	58
400	21
400	20
400	10
401	468
401	498
401	4
401	12
401	113
401	13
401	22
401	20
402	146
402	19
402	588
402	79
402	427
402	4
402	113
402	10
402	12
402	13
402	22
402	20
403	897
403	2901
403	125
403	12
403	11
403	14
403	19
403	22
403	509
404	16
404	2901
404	125
404	12
404	11
404	14
404	19
404	22
404	509
405	192
405	17
405	44
405	25
405	22
405	19
405	12
405	13
405	4
405	28
405	21
405	20
406	409
406	993
406	44
406	4
406	14
406	280
407	914
407	414
407	34
407	12
407	37
407	4
407	33
407	128
408	192
408	1025
408	160
408	19
408	299
408	33
408	12
408	13
408	11
408	45
409	467
409	993
409	50
409	396
409	125
409	12
409	91
409	21
409	14
410	47
410	25
410	12
410	37
410	22
410	45
411	533
411	157
411	19
411	12
411	13
411	11
411	33
411	22
411	45
412	15
412	94
412	19
412	639
412	427
412	113
412	13
412	12
412	22
412	34
413	17
413	25
413	44
413	4
413	14
413	12
413	10
413	11
413	320
413	37
413	128
413	509
413	2037
413	537
414	69
414	43
414	19
414	14
414	12
414	13
414	113
415	1075
415	146
415	102
415	167
415	2043
415	12
415	91
415	397
416	881
416	547
416	19
416	5
416	4
416	280
416	383
417	134
417	2902
417	25
417	160
417	4
417	14
417	102
417	101
417	1375
417	45
417	33
417	13
417	91
417	10
417	11
418	146
418	2903
418	1490
418	32
418	256
418	181
418	1477
418	12
418	91
418	821
418	1478
418	23
419	1516
419	25
419	219
419	19
419	178
419	94
419	2904
419	12
419	33
419	37
419	11
419	22
419	163
420	173
420	241
420	4
420	14
420	113
420	10
420	91
421	222
421	4
421	14
421	129
421	280
421	10
421	91
421	33
422	2458
422	418
422	85
422	91
422	319
422	10
423	467
423	17
423	438
423	19
423	47
423	22
423	241
423	36
423	5
423	113
423	12
423	383
423	13
423	20
424	2096
424	32
424	94
424	44
424	25
424	2905
424	280
424	12
424	91
424	324
424	237
424	22
424	583
425	428
425	19
425	22
425	12
425	10
425	116
425	397
425	4
425	14
425	102
425	11
425	104
425	91
425	125
425	45
426	934
426	19
426	13
426	280
426	245
426	22
426	20
426	12
427	685
427	1396
427	91
427	1197
427	22
428	241
428	624
428	1423
428	10
428	13
428	12
428	427
428	639
428	33
429	16
429	430
429	19
429	126
429	14
429	4
429	102
429	12
429	128
429	11
429	97
430	16
430	450
430	637
430	19
430	4
430	14
430	2906
430	401
430	21
430	280
430	10
430	5
430	91
430	12
430	13
430	20
431	43
431	149
431	25
431	22
431	4
431	280
431	12
431	13
431	116
431	401
431	10
431	91
431	20
432	26
432	262
432	7
432	12
432	13
432	11
432	163
432	14
432	22
433	510
433	852
433	26
433	17
433	44
433	113
433	12
433	13
433	20
434	1456
434	40
434	95
434	4
434	36
434	102
434	111
434	10
434	91
434	33
435	431
435	2907
435	14
435	103
435	280
435	12
435	13
435	21
435	20
436	43
436	437
436	2396
436	146
436	19
436	91
436	746
436	12
436	280
436	13
436	4
436	21
436	22
436	7
437	16
437	17
437	19
437	22
437	20
437	245
437	4
437	13
437	12
437	280
438	43
438	253
438	19
438	13
438	427
438	280
438	4
438	12
438	245
438	28
439	380
439	17
439	2334
439	12
439	13
439	245
439	28
440	16
440	17
440	19
440	22
440	13
440	4
440	20
440	113
441	381
441	16
441	17
441	22
441	4
441	91
441	21
441	113
441	12
441	13
441	20
442	963
442	16
442	17
442	47
442	19
442	22
442	12
442	13
442	4
442	427
442	28
442	113
442	20
443	897
443	53
443	19
443	1847
443	927
443	1839
443	12
443	37
443	10
443	91
443	11
443	33
443	4
443	14
444	146
444	700
444	12
444	13
444	4
444	33
444	45
445	2883
445	43
445	17
445	12
445	13
445	280
445	163
445	22
445	28
445	20
446	931
446	16
446	438
446	94
446	17
446	19
446	22
446	427
446	639
446	4
446	12
446	113
446	13
446	28
447	16
447	17
447	255
447	19
447	22
447	13
447	12
447	21
447	245
448	241
448	19
448	12
448	4
448	45
449	432
449	91
449	22
450	321
450	19
450	237
450	2908
450	54
450	2334
450	12
450	13
450	280
450	401
450	10
450	91
450	14
450	444
450	4
450	277
450	20
450	22
451	186
451	588
451	17
451	44
451	264
451	12
451	13
451	281
451	22
452	547
452	415
452	19
452	22
452	4
452	14
452	10
452	11
452	45
452	13
452	12
453	2909
453	25
453	17
453	32
453	94
453	2910
453	12
453	91
453	37
453	4
453	14
453	102
453	22
454	379
454	192
454	17
454	19
454	22
454	113
454	12
454	13
454	36
454	28
454	4
454	20
454	14
455	533
455	476
455	19
455	13
455	11
455	22
455	45
456	216
456	875
456	18
456	12
456	37
456	11
456	22
456	19
456	4
456	45
457	550
457	875
457	4
457	14
457	102
457	2911
457	91
457	13
457	11
457	509
458	134
458	490
458	79
458	48
458	1751
458	102
458	4
458	14
458	23
458	91
458	121
458	22
458	287
458	34
458	280
458	12
458	245
459	134
459	490
459	79
459	48
459	1751
459	102
459	4
459	14
459	23
459	91
459	121
459	22
459	287
459	34
459	280
459	12
459	245