0.87662 1309.9
0.67418 1543.7
0.67243 1105.2
0.78831 538.46
0.73313 1307.4
0.66462 1131.8
0.87839 1193.2
0.84335 1441.7
0.73755 693.89
0.86114 663.17
0.85942 769.21
0.7974 1427
0.7152 1045
0.82221 236.14
0.90354 468.92
0.80124 1011.6
0.79374 776.57
0.60145 562.08
0.83434 705.56
0.90082 665.61
0.76631 730.26
0.74381 532.61
0.69775 1161.7
0.62353 1048.1
0.96296 146.1
0.81933 670.05
0.76785 325.61
0.82697 580.94
0.95673 1054.2
0.85975 2321.7
0.66875 2543.3
0.74796 1420.6
0.85562 2041.5
0.83906 1573.7
0.75622 2046.6
0.69668 1495.5
0.75997 712.5
0.74351 871.76
0.55913 839.21
0.81325 454
0.84461 698.93
0.72305 557.68
0.94272 300.52
0.81864 312.19
0.70628 1746.6
0.86042 728.9
0.79595 1552.2
0.70674 1213.3
0.80775 266.17
0.90202 610.96
0.97741 169.13
0.75567 886.38
0.74773 402.28
0.84202 1436.8
0.71039 683.74
0.76816 890.33
0.7559 1035.1
0.56262 670.26
0.80156 468.75
0.87456 445.49
0.73408 449.05
0.94437 285.76
0.79589 378.04
0.72494 1873.1
0.90772 260.18
0.72937 610.76
0.97904 366.2
0.86542 1493.1
0.66111 1888.8
0.7523 900.19
0.85472 1558.7
0.83699 1125.7
0.77383 1341.1
0.70481 898.27
0.95976 843.68
0.72919 1049.9
0.84016 1064.7
0.73902 1248.4
0.94341 2604.5
0.92049 2182.4
0.67876 3281.7
0.78266 3012.1
0.888 3463.2
0.84875 3230.9
0.82169 2850.2
0.73847 2905.7
0.93124 2988.6
0.77093 2766.8
0.8512 3268.8
0.78147 3017.9
0.93637 2417.2
0.92927 415.62
0.81314 1099.4
0.60117 1639.5
0.69005 863.79
0.78842 1455
0.7672 1098.5
0.72049 1077.5
0.64638 796.03
0.89243 1247.5
0.67614 822.6
0.76816 1099.4
0.68603 1066
0.93045 406.24
0.88985 2191.9
0.93383 1071.3
0.89098 750.89
0.64843 1671.5
0.75347 1348.6
0.86004 1763.1
0.81499 1550.6
0.80219 1177.7
0.71214 1227.9
0.91382 1896.7
0.75133 1069.4
0.81856 1612.3
0.76421 1320.2
0.92872 1083.6
0.95074 1713
0.89682 710.38
0.94204 360.96
0.82905 951.6
0.63979 1298
0.76575 566.99
0.83939 1107.5
0.82318 789.33
0.77515 738.72
0.7223 468.41
0.89987 1401.6
0.74348 469.11
0.81959 826.61
0.74107 710.26
0.92209 617.5
0.90035 2445.1
0.91576 355.78
0.8938 804.42
