0.86648 1309.9
0.65514 1543.7
0.6534 1105.2
0.77351 538.46
0.71448 1307.4
0.64654 1131.8
0.86876 1193.2
0.83108 1441.7
0.72284 693.89
0.85179 663.17
0.84793 769.21
0.78107 1427
0.69894 1045
0.80998 236.14
0.89602 468.92
0.78683 1011.6
0.77892 776.57
0.57943 562.08
0.82367 705.56
0.89393 665.61
0.74953 730.26
0.72662 532.61
0.6775 1161.7
0.60373 1048.1
0.96074 146.1
0.80769 670.05
0.75251 325.61
0.81627 580.94
0.95351 1054.2
0.84905 2321.7
0.65 2543.3
0.73102 1420.6
0.84487 2041.5
0.82681 1573.7
0.73934 2046.6
0.67708 1495.5
0.74235 712.5
0.72487 871.76
0.5346 839.21
0.80117 454
0.83365 698.93
0.70296 557.68
0.93891 300.52
0.80738 312.19
0.6858 1746.6
0.84888 728.9
0.77935 1552.2
0.68988 1213.3
0.79443 266.17
0.89433 610.96
0.97559 169.13
0.73798 886.38
0.73091 402.28
0.82991 1436.8
0.68922 683.74
0.75265 890.33
0.73964 1035.1
0.53953 670.26
0.7895 468.75
0.8666 445.49
0.71635 449.05
0.94098 285.76
0.78388 378.04
0.70714 1873.1
0.90203 260.18
0.71121 610.76
0.97729 366.2
0.85438 1493.1
0.64122 1888.8
0.73487 900.19
0.84322 1558.7
0.82367 1125.7
0.7574 1341.1
0.68487 898.27
0.95677 843.68
0.70929 1049.9
0.82697 1064.7
0.72144 1248.4
0.94052 2604.5
0.91588 2182.4
0.662 3281.7
0.76959 3012.1
0.88109 3463.2
0.83917 3230.9
0.81077 2850.2
0.72323 2905.7
0.92716 2988.6
0.7568 2766.8
0.84179 3268.8
0.7687 3017.9
0.93297 2417.2
0.92567 415.62
0.80149 1099.4
0.58066 1639.5
0.67178 863.79
0.77523 1455
0.75244 1098.5
0.70367 1077.5
0.62617 796.03
0.88607 1247.5
0.65654 822.6
0.75342 1099.4
0.66805 1066
0.92692 406.24
0.88361 2191.9
0.93029 1071.3
0.88436 750.89
0.63009 1671.5
0.73867 1348.6
0.85129 1763.1
0.80312 1550.6
0.79009 1177.7
0.69539 1227.9
0.90862 1896.7
0.73602 1069.4
0.8069 1612.3
0.75046 1320.2
0.92481 1083.6
0.9479 1713
0.89098 710.38
0.93791 360.96
0.81639 951.6
0.61961 1298
0.75033 566.99
0.82777 1107.5
0.81012 789.33
0.75991 738.72
0.70471 468.41
0.89276 1401.6
0.72599 469.11
0.80617 826.61
0.72464 710.26
0.91643 617.5
0.89426 2445.1
0.91085 355.78
0.88731 804.42
