0 0.86648 0.65514 0.77351 0.86876 0.84793 0.78683 0.72662 0.95351 0.61704 0.74235 0.84888 0.75265 0.97729 0.73065 0.94052 0.92567 0.93029 0.93791 0.73407
0 0 0.6534 0.71448 0.83108 0.78107 0.77892 0.6775 0.84905 0.62488 0.72487 0.77935 0.73964 0.85438 0.71979 0.91588 0.80149 0.88436 0.81639 0.90408
0 0 0 0.64654 0.72284 0.69894 0.57943 0.60373 0.65 0.96539 0.5346 0.68988 0.53953 0.64122 0.60111 0.662 0.58066 0.63009 0.61961 0.58083
0 0 0 0 0.85179 0.80998 0.82367 0.96074 0.73102 0.59774 0.80117 0.79443 0.7895 0.73487 0.66491 0.76959 0.67178 0.73867 0.75033 0.62554
0 0 0 0 0 0.89602 0.89393 0.80769 0.84487 0.68338 0.83365 0.89433 0.8666 0.84322 0.73532 0.88109 0.77523 0.85129 0.82777 0.72541
0 0 0 0 0 0 0.74953 0.75251 0.82681 0.66129 0.70296 0.97559 0.71635 0.82367 0.68945 0.83917 0.75244 0.80312 0.81012 0.66761
0 0 0 0 0 0 0 0.81627 0.73934 0.53545 0.93891 0.73798 0.94098 0.7574 0.69912 0.81077 0.70367 0.79009 0.75991 0.67737
0 0 0 0 0 0 0 0 0.67708 0.55648 0.80738 0.73091 0.78388 0.68487 0.63543 0.72323 0.62617 0.69539 0.70471 0.59223
0 0 0 0 0 0 0 0 0 0.61329 0.6858 0.82991 0.70714 0.95677 0.71462 0.92716 0.88607 0.90862 0.89276 0.71885
0 0 0 0 0 0 0 0 0 0 0.49059 0.65434 0.49975 0.60533 0.57071 0.62254 0.54468 0.59313 0.5796 0.55552
0 0 0 0 0 0 0 0 0 0 0 0.68922 0.90203 0.70929 0.6487 0.7568 0.65654 0.73602 0.72599 0.63007
0 0 0 0 0 0 0 0 0 0 0 0 0.71121 0.82697 0.68803 0.84179 0.75342 0.8069 0.80617 0.66407
0 0 0 0 0 0 0 0 0 0 0 0 0 0.72144 0.65016 0.7687 0.66805 0.75046 0.72464 0.64563
0 0 0 0 0 0 0 0 0 0 0 0 0 0 0.72285 0.93297 0.92692 0.92481 0.91643 0.71854
0 0 0 0 0 0 0 0 0 0 0 0 0 0 0 0.75064 0.6732 0.72637 0.68269 0.62469
0 0 0 0 0 0 0 0 0 0 0 0 0 0 0 0 0.88361 0.9479 0.89426 0.77737
0 0 0 0 0 0 0 0 0 0 0 0 0 0 0 0 0 0.89098 0.91085 0.68241
0 0 0 0 0 0 0 0 0 0 0 0 0 0 0 0 0 0 0.88731 0.7511
0 0 0 0 0 0 0 0 0 0 0 0 0 0 0 0 0 0 0 0.70289
0 0 0 0 0 0 0 0 0 0 0 0 0 0 0 0 0 0 0 0
