0.94463 1309.9
0.92439 1543.7
0.92834 1105.2
0.94838 538.46
0.91735 1307.4
0.92307 1131.8
0.92419 1193.2
0.92094 1441.7
0.94981 693.89
0.91944 663.17
0.93257 769.21
0.9144 1427
0.93175 1045
0.93465 236.14
0.9417 468.92
0.93244 1011.6
0.96584 776.57
0.94144 562.08
0.918 705.56
0.92745 665.61
0.92083 730.26
0.93493 532.61
0.9057 1161.7
0.90102 1048.1
0.91896 146.1
0.90114 670.05
0.92209 325.61
0.91028 580.94
0.94058 1054.2
0.92525 2321.7
0.88027 2543.3
0.89795 1420.6
0.8846 2041.5
0.88301 1573.7
0.89706 2046.6
0.88088 1495.5
0.89538 712.5
0.9135 871.76
0.86353 839.21
0.86624 454
0.86817 698.93
0.85608 557.68
0.90094 300.52
0.85471 312.19
0.86004 1746.6
0.95633 728.9
0.92507 1552.2
0.93865 1213.3
0.95877 266.17
0.93807 610.96
0.95692 169.13
0.92639 886.38
0.91603 402.28
0.90372 1436.8
0.86669 683.74
0.89564 890.33
0.89346 1035.1
0.90028 670.26
0.88583 468.75
0.91609 445.49
0.91287 449.05
0.90494 285.76
0.87914 378.04
0.85593 1873.1
0.84605 260.18
0.90537 610.76
0.95822 366.2
0.94088 1493.1
0.90136 1888.8
0.91582 900.19
0.90294 1558.7
0.90075 1125.7
0.91449 1341.1
0.8995 898.27
0.95446 843.68
0.88172 1049.9
0.92353 1064.7
0.8712 1248.4
0.91145 2604.5
0.92879 2182.4
0.85835 3281.7
0.86958 3012.1
0.85654 3463.2
0.85488 3230.9
0.8879 2850.2
0.86175 2905.7
0.91221 2988.6
0.85558 2766.8
0.87394 3268.8
0.82922 3017.9
0.92507 2417.2
0.89268 415.62
0.88269 1099.4
0.82977 1639.5
0.85345 863.79
0.82972 1455
0.83167 1098.5
0.84582 1077.5
0.84106 796.03
0.90155 1247.5
0.83002 822.6
0.85107 1099.4
0.80592 1066
0.91583 406.24
0.88621 2191.9
0.89942 1071.3
0.91843 750.89
0.8478 1671.5
0.85857 1348.6
0.8418 1763.1
0.84562 1550.6
0.87255 1177.7
0.85429 1227.9
0.89052 1896.7
0.85119 1069.4
0.85908 1612.3
0.81739 1320.2
0.90727 1083.6
0.94674 1713
0.88141 710.38
0.91836 360.96
0.88781 951.6
0.8457 1298
0.86382 566.99
0.84122 1107.5
0.84247 789.33
0.86251 738.72
0.8576 468.41
0.89735 1401.6
0.84244 469.11
0.86589 826.61
0.81044 710.26
0.91965 617.5
0.89052 2445.1
0.87816 355.78
0.88776 804.42
