0
1
2
4
6
7
9
10
12
13
14
16
17
19
22
23
24
25
26
27
28
29
30
31
32
33
34
35
36
37
39
41
42
43
44
47
48
49
50
52
53
54
56
57
59
60
61
64
65
67
69
73
74
75
76
77
78
79
80
82
83
85
86
87
88
89
90
91
92
93
94
95
97
98
99
100
101
102
103
104
108
115
116
117
118
119
120
121
122
123
124
125
127
128
129
130
131
134
135
136
138
139
140
141
142
143
145
146
147
148
149
150
151
152
154
155
156
157
158
159
160
161
162
164
165
166
167
168
169
170
172
173
174
175
176
177
178
179
182
184
185
186
187
188
189
191
192
193
195
196
197
199
200
201
202
203
204
205
206
207
210
211
214
215
216
217
219
222
224
225
226
227
229
230
231
232
234
235
236
237
238
243
244
245
246
247
248
250
253
254
255
256
257
258
259
260
261
262
263
264
265
267
268
269
270
271
272
273
274
276
277
278
280
283
284
285
288
289
290
291
293
294
295
296
297
299
300
301
303
305
307
308
309
310
311
312
313
314
315
316
317
318
320
321
322
323
324
326
327
328
329
330
331
332
333
334
335
336
337
338
339
340
341
342
344
345
346
351
352
353
354
355
356
357
358
362
364
365
366
367
368
369
370
371
372
373
374
375
376
377
378
380
381
382
383
385
386
387
392
393
394
395
397
398
399
400
401
402
403
404
405
406
407
408
409
410
411
412
413
416
417
419
420
423
425
427
428
429
430
432
433
434
435
436
440
441
442
443
444
445
447
449
451
452
453
454
455
456
457
458
459
461
462
463
464
465
466
467
468
469
471
472
473
474
475
476
477
478
484
485
486
487
489
490
491
492
493
494
495
496
500
501
502
503
504
505
506
509
510
511
512
513
514
515
516
517
518
519
520
522
523
524
525
526
527
528
529
530
531
532
534
535
536
537
538
539
540
541
543
545
546
547
549
553
554
555
556
557
558
560
561
562
563
565
566
567
568
571
572
573
574
575
576
577
578
579
580
581
582
583
584
585
586
587
588
590
591
592
593
595
596
597
598
599
600
601
602
603
604
605
606
607
608
609
610
611
612
613
615
616
617
618
619
620
622
623
625
626
628
631
633
634
635
637
638
640
641
642
647
648
650
651
653
654
655
656
657
658
659
660
661
662
663
664
665
666
667
668
669
670
671
672
673
674
675
676
677
678
679
681
682
683
685
686
687
688
689
690
691
692
693
694
695
697
698
700
701
702
703
704
705
706
707
710
711
712
713
718
719
721
723
724
725
726
727
728
729
730
731
733
735
736
737
738
739
741
742
743
744
745
747
748
749
751
752
753
754
755
756
757
758
759
760
761
762
763
764
765
766
767
768
771
772
773
774
775
777
778
779
780
781
782
783
784
785
786
787
788
791
792
793
794
795
796
797
799
800
801
803
804
807
808
809
810
811
812
813
814
815
821
822
823
824
826
827
828
829
830
831
832
833
834
836
837
838
839
840
841
842
843
844
845
846
849
850
852
853
854
856
857
860
861
862
864
865
866
867
868
869
870
871
872
873
874
875
877
878
879
880
881
883
884
885
890
892
893
896
897
898
899
900
902
903
904
905
909
912
913
915
917
918
919
920
921
922
924
927
928
929
930
931
933
934
936
937
938
941
943
944
945
946
947
948
949
952
953
954
955
958
959
960
961
963
964
965
966
967
968
969
970
971
973
974
975
976
977
978
981
982
983
984
985
988
990
991
992
994
996
997
998
999
1001
1002
1005
1006
1007
1008
1010
1011
1012
1013
1014
1015
1017
1018
1019
1021
1022
1023
1024
1025
1026
1027
1028
1029
1030
1031
1032
1033
1034
1035
1036
1037
1038
1039
1040
1041
1042
1043
1044
1045
1046
1047
1048
1049
1050
1051
1052
1053
1054
1055
1056
1057
1058
1059
1060
1061
1062
1063
1064
1065
1066
1070
1071
1072
1073
1074
1075
1076
1077
1078
1079
1080
1081
1082
1083
1084
1085
1086
1087
1088
1089
1090
1091
1092
1093
1094
1095
1100
1101
1103
1104
1106
1107
1108
1109
1110
1111
1116
1117
1118
1122
1123
1128
1129
1130
1131
1133
1134
1135
1136
1137
1139
1140
1141
1142
1143
1145
1146
1147
