0
1
2
3
4
5
6
7
8
9
10
11
12
13
14
15
16
17
18
19
20
24
25
26
28
30
31
32
34
36
42
43
44
49
50
54
56
57
58
59
60
63
64
65
66
67
68
69
70
71
72
75
77
80
83
85
86
87
88
91
92
93
94
95
96
97
98
99
101
103
105
106
107
108
111
113
114
116
118
121
122
128
129
131
134
135
136
137
138
139
140
141
142
143
145
152
154
156
157
158
159
160
161
162
163
164
165
167
168
169
171
173
175
177
178
179
180
186
187
189
196
198
199
200
201
202
204
205
207
208
210
212
213
214
215
216
217
218
220
221
223
226
227
228
229
230
231
233
234
236
238
239
241
242
243
244
246
247
248
249
250
251
254
255
257
258
259
260
261
262
268
269
270
271
272
273
274
275
279
280
281
284
285
287
289
290
291
292
294
296
297
298
300
301
302
303
304
305
306
307
308
309
310
317
318
319
323
325
326
330
332
334
335
336
338
341
342
345
346
347
348
350
351
353
354
355
356
357
359
360
362
364
366
367
368
369
371
372
373
374
375
377
378
381
382
383
387
388
389
390
391
392
394
395
396
399
400
401
402
409
410
416
418
419
420
421
422
423
424
426
427
428
430
431
432
435
436
437
442
443
444
445
448
449
450
451
452
453
454
455
456
458
459
462
463
466
467
468
470
472
473
474
475
476
477
483
485
487
490
491
492
495
496
497
498
499
501
502
503
504
505
506
507
509
510
513
514
515
516
518
520
521
522
524
525
527
528
529
530
532
533
535
536
537
538
539
540
541
543
544
545
547
548
549
550
551
552
553
554
555
556
557
558
561
562
564
566
569
570
571
572
573
574
575
576
577
578
579
580
581
582
583
584
585
586
593
595
596
597
598
599
601
603
606
608
609
610
611
612
613
614
615
617
618
619
620
621
622
624
625
626
627
631
633
634
635
638
644
645
648
649
650
651
652
653
654
655
656
658
659
662
663
666
667
668
669
670
671
672
677
678
682
683
686
689
690
691
692
693
694
695
696
697
699
700
701
702
703
705
707
709
710
711
712
713
714
715
716
717
718
719
720
721
722
723
724
725
726
727
728
730
731
732
733
735
737
738
739
740
741
