0
1
4
5
7
9
11
12
14
15
16
17
18
20
21
22
23
24
26
27
28
30
31
35
36
37
39
40
41
42
43
44
45
46
49
50
51
52
53
54
56
58
60
62
64
66
67
68
69
70
71
72
73
75
76
77
78
79
80
81
82
83
84
85
86
87
88
89
90
91
92
93
96
99
100
101
104
105
106
109
110
111
112
113
115
116
117
118
120
121
122
124
125
126
127
128
129
130
132
133
136
138
139
140
141
142
144
146
147
149
150
153
156
157
158
159
160
164
165
166
169
170
171
174
175
176
179
180
181
182
185
189
193
194
195
198
199
203
205
206
208
209
210
211
212
213
214
215
216
