0
3
6
7
8
9
10
11
12
13
14
15
17
19
20
21
22
23
24
25
27
31
32
34
35
36
37
39
41
42
43
48
49
50
52
53
55
56
57
58
62
63
65
69
70
73
74
75
76
77
78
85
86
88
91
95
96
98
103
106
107
108
109
110
113
115
117
118
119
120
122
124
126
127
128
133
136
138
140
141
142
143
144
149
150
151
152
153
154
155
156
157
158
159
160
161
162
163
165
166
167
168
169
170
171
172
173
175
177
178
179
183
188
189
190
191
195
196
197
198
199
200
201
203
204
205
207
208
210
211
215
216
219
220
221
224
229
230
233
234
236
238
239
241
244
245
246
247
248
249
250
253
254
255
256
260
261
263
264
265
268
269
270
271
272
273
274
276
277
278
279
280
281
282
283
284
286
287
288
289
290
291
292
293
294
295
296
300
302
303
304
306
307
310
311
312
314
315
316
317
318
321
322
324
325
326
327
328
329
330
333
337
338
340
341
342
344
345
347
348
349
353
354
355
356
357
359
361
362
365
367
369
370
372
373
380
381
382
383
384
385
386
387
388
389
390
391
392
395
397
398
399
400
401
402
406
407
414
415
416
417
419
420
423
424
425
426
427
428
429
431
432
433
435
436
438
439
440
441
443
445
446
447
448
449
450
451
452
453
454
455
458
459
460
461
462
463
464
465
468
469
470
473
476
480
481
483
484
485
486
487
488
489
490
491
492
493
495
496
498
499
500
501
502
503
504
505
508
509
510
511
512
513
514
515
516
518
519
520
521
522
524
526
527
529
531
533
534
535
536
538
539
540
542
543
544
545
547
549
550
551
552
553
554
555
557
558
560
561
562
563
564
565
566
567
568
569
570
571
572
573
574
575
576
577
579
580
581
582
583
584
585
586
587
588
590
592
594
595
596
597
599
600
602
603
604
605
