2
3
4
5
6
8
9
10
14
15
16
17
18
20
21
24
26
27
29
30
33
35
37
38
40
41
42
43
44
45
47
49
50
51
52
53
60
61
62
63
64
67
68
69
70
71
72
73
74
75
76
77
81
82
83
84
85
86
87
88
89
91
92
94
95
96
97
98
99
100
101
105
106
110
112
114
116
117
118
119
120
122
123
124
130
131
132
133
134
135
136
138
139
140
141
142
143
144
145
147
149
150
151
154
155
156
157
158
159
162
163
164
165
166
168
169
172
173
174
177
179
180
181
183
184
185
186
187
188
189
190
191
193
195
200
201
203
204
205
206
207
208
212
214
215
216
217
218
220
221
222
223
224
226
227
228
229
230
231
232
233
234
235
236
237
238
239
240
241
242
243
244
245
246
252
253
256
257
258
259
261
262
265
266
268
269
270
272
274
275
276
279
281
283
285
286
287
289
290
292
293
294
295
296
297
299
300
301
302
303
304
305
306
307
308
309
311
312
314
315
316
317
318
319
320
321
322
323
326
327
328
329
330
331
333
334
335
338
339
340
341
342
343
344
345
346
347
348
349
352
353
354
355
356
357
358
359
360
361
363
364
365
366
367
368
369
370
371
372
376
377
378
379
380
381
382
383
384
386
387
389
391
392
393
394
395
396
397
398
399
400
401
402
404
405
407
409
410
411
412
413
414
415
416
417
418
419
420
421
422
425
426
428
429
430
431
432
433
434
436
437
438
439
440
441
442
443
444
445
446
447
448
449
450
451
453
454
456
457
458
459
460
461
462
463
464
468
469
471
472
473
474
475
476
477
478
480
481
482
483
485
490
491
492
493
494
495
496
497
499
500
501
502
503
505
507
508
509
510
511
512
514
515
516
517
518
521
522
524
526
528
529
530
531
532
533
534
535
537
538
539
540
542
543
544
547
548
549
551
552
553
555
556
558
559
560
561
562
563
565
566
567
568
569
570
571
572
575
576
577
578
579
580
581
582
583
584
585
597
598
600
601
602
603
604
605
606
607
608
609
610
611
612
614
615
616
617
618
619
620
621
622
623
624
626
627
628
632
633
634
635
636
637
638
639
640
642
643
645
646
647
648
649
651
652
653
654
655
656
658
662
663
665
666
667
668
669
671
672
673
674
675
676
677
678
682
683
684
685
687
688
689
690
691
692
693
694
695
696
698
699
700
702
703
704
705
706
707
708
709
710
711
712
713
716
718
720
721
723
725
726
728
729
731
732
733
735
736
737
738
739
741
742
743
744
745
747
748
749
750
751
752
753
754
755
756
758
759
760
762
763
764
765
766
767
769
770
771
773
774
775
776
777
778
779
780
781
782
783
784
785
786
787
788
790
791
792
793
794
797
798
799
800
801
802
803
804
805
807
808
810
811
812
813
814
815
816
817
818
819
820
821
822
823
824
825
826
827
828
829
831
832
833
834
835
836
837
838
839
840
848
849
850
851
852
853
854
855
856
857
858
859
860
861
862
864
865
866
867
868
869
872
874
875
876
877
878
879
881
882
883
884
886
887
888
890
891
892
893
895
896
897
898
899
901
902
903
904
905
906
907
908
909
910
911
912
913
914
915
916
917
918
919
920
922
923
925
926
927
928
930
933
934
935
936
937
938
940
941
942
943
944
946
948
949
952
953
954
955
956
957
958
959
960
962
963
964
965
968
969
970
972
973
974
975
977
978
979
980
981
982
983
984
986
988
989
990
991
992
993
994
996
997
998
999
1000
1001
1002
1003
1005
1006
1007
1008
1009
1010
1011
1012
1013
1014
1015
1016
1017
1018
1019
1020
1021
1022
1023
1024
1025
1026
1027
1028
1029
1030
1031
1032
1033
1034
1035
1036
1037
1038
1040
1042
1043
1044
1045
1046
1047
1048
1049
1050
1055
1056
1057
1058
1059
1060
1061
1064
1065
