1
3
4
8
11
12
13
14
16
17
18
21
24
25
27
28
29
35
36
38
39
40
41
42
43
46
47
48
50
51
52
54
55
56
57
58
59
62
63
65
68
70
71
72
73
75
76
77
79
81
82
83
84
85
86
87
88
90
93
95
96
97
98
99
100
101
102
104
106
107
108
109
111
112
113
116
118
119
120
121
122
123
124
125
126
127
128
132
133
135
136
137
140
141
142
143
144
145
146
150
153
154
155
157
162
163
164
165
166
167
168
169
170
171
172
174
175
176
177
179
180
181
183
184
185
186
187
188
190
191
192
193
194
195
196
197
200
201
202
203
204
205
207
208
209
210
211
212
214
215
216
218
220
221
222
224
225
226
228
229
230
231
232
234
236
240
241
242
243
244
245
246
247
248
249
250
251
252
253
254
255
256
257
258
259
261
262
266
267
269
270
273
275
276
277
279
280
281
282
284
285
286
287
288
289
290
291
292
293
294
295
296
297
299
300
301
302
303
304
305
306
307
308
309
313
314
315
317
318
320
322
323
324
328
329
330
331
332
333
335
336
339
340
341
344
345
346
348
349
350
351
353
354
355
356
357
358
359
360
361
362
363
364
365
366
367
368
371
373
378
379
381
382
383
384
385
386
387
388
391
394
395
396
397
398
399
400
401
402
405
406
407
408
409
410
411
412
413
414
415
416
417
418
419
420
421
422
424
425
426
429
430
431
432
433
436
437
438
440
442
443
444
445
446
447
448
449
450
451
452
453
454
455
456
457
458
459
460
462
463
464
466
