0
1
2
3
6
7
9
11
12
13
14
15
16
18
19
20
21
24
25
27
28
29
30
32
33
34
35
41
43
44
45
46
47
49
50
51
54
56
57
61
62
63
66
67
68
70
72
73
74
76
77
78
79
80
81
82
84
85
86
89
90
91
92
93
94
95
96
97
98
99
100
101
102
103
104
105
106
109
110
111
112
113
114
115
118
120
121
125
126
128
130
131
132
133
134
135
136
137
138
139
140
141
142
143
146
147
148
149
151
152
153
154
155
156
157
158
159
160
162
163
165
166
167
170
171
173
174
176
179
182
183
184
185
186
187
188
189
190
191
192
193
194
195
199
200
201
202
204
205
206
211
213
214
215
218
220
222
223
224
228
230
233
234
235
236
237
241
242
243
245
246
247
248
250
251
252
253
254
255
256
257
258
262
263
264
265
266
267
268
273
274
275
278
279
281
282
283
284
285
286
287
288
289
291
292
294
296
297
298
300
301
302
303
304
305
306
307
308
309
313
315
318
321
322
324
325
326
328
330
331
334
335
336
337
338
339
340
341
343
344
345
346
347
348
349
350
351
353
354
355
356
357
358
359
360
361
362
365
366
367
369
370
371
372
373
375
376
377
378
380
382
383
384
387
388
389
390
394
395
400
402
404
405
406
407
408
409
410
411
412
413
414
415
416
418
419
420
424
425
426
427
431
433
434
435
436
439
440
441
442
443
444
445
447
449
450
455
461
463
464
469
470
471
472
473
474
475
477
478
479
480
481
484
485
486
487
489
490
491
492
493
494
495
496
497
498
499
500
501
502
503
504
505
506
507
508
509
510
511
512
513
514
515
518
519
