0
3
4
5
6
7
8
10
11
12
15
16
17
18
19
20
21
23
25
26
27
28
29
30
34
35
36
37
38
39
40
41
42
43
44
45
48
49
50
51
54
55
56
57
58
60
61
62
65
66
67
68
69
71
72
73
74
75
76
77
80
81
82
83
84
85
88
90
91
92
94
95
96
98
99
100
101
102
103
104
105
106
107
108
111
112
113
114
117
118
119
120
121
122
123
124
125
126
127
129
130
131
133
135
136
137
138
140
141
142
143
144
145
146
147
148
149
151
152
153
154
155
156
157
158
160
161
163
164
165
167
168
169
170
171
172
173
174
175
177
178
179
180
181
184
185
186
187
189
190
191
194
196
198
199
200
202
204
205
207
208
210
211
212
213
214
215
217
218
219
220
221
222
223
224
225
226
228
230
231
233
234
236
237
238
240
242
243
244
246
247
248
249
250
251
252
255
256
257
258
259
260
261
263
265
266
267
268
269
270
271
272
275
276
278
279
280
281
282
283
284
285
287
288
289
291
292
295
296
297
301
302
303
304
305
306
308
309
310
311
312
313
314
315
316
317
318
321
323
324
325
326
327
328
329
332
334
335
336
337
339
341
342
343
344
345
346
347
348
349
350
351
352
353
354
355
356
357
358
359
360
362
364
365
367
368
369
370
371
