0
4
5
6
7
8
9
10
12
13
14
16
17
18
19
20
22
23
24
25
26
28
29
30
31
32
35
36
37
38
40
41
42
44
45
47
48
51
52
53
54
56
57
59
60
61
63
64
65
66
67
68
69
70
71
72
73
74
75
76
78
79
81
83
85
86
88
89
91
92
93
94
99
100
101
102
103
104
108
109
112
113
114
115
117
119
120
121
122
123
124
125
126
127
129
130
131
132
133
134
135
137
139
140
142
143
144
145
147
148
152
155
156
157
158
159
160
161
162
163
164
165
166
170
171
172
173
174
175
177
178
179
180
182
185
189
192
193
194
195
196
197
198
199
200
201
202
203
204
205
207
208
209
211
216
217
218
219
220
221
225
226
228
229
230
231
232
233
234
235
236
237
238
239
240
241
242
243
244
245
246
248
249
250
251
252
253
254
255
256
257
258
259
260
263
264
265
266
268
269
270
271
272
273
274
275
276
277
278
279
280
281
282
283
284
285
286
287
289
291
292
293
294
295
297
298
300
301
302
303
304
305
306
307
308
309
311
312
313
316
318
320
321
322
323
325
326
327
328
329
330
331
332
333
334
335
336
338
340
341
342
344
346
347
348
349
350
352
353
355
357
358
359
360
361
362
364
365
366
367
368
369
370
371
374
375
376
378
379
380
381
382
383
385
386
387
388
390
391
392
394
396
397
399
400
401
402
403
404
407
408
409
410
412
413
414
415
416
417
418
419
420
421
422
423
424
425
426
427
429
430
431
433
434
435
436
439
440
441
442
443
449
451
452
453
454
455
456
457
458
459
460
461
463
464
465
466
467
468
469
470
471
472
476
477
478
479
480
481
483
484
485
486
487
488
489
490
491
492
493
494
495
497
498
499
500
501
502
504
505
506
507
508
509
510
511
512
514
515
517
518
519
520
521
522
523
524
526
529
531
532
536
537
538
539
540
541
542
543
544
545
546
547
548
549
550
551
553
554
556
557
558
559
560
561
562
563
566
568
569
570
571
573
574
575
576
577
578
580
581
582
583
584
585
586
587
588
589
591
592
593
594
595
596
597
598
599
600
601
602
603
604
607
608
609
610
611
612
614
616
617
618
621
622
623
624
625
626
627
628
629
630
631
632
633
635
637
638
639
640
641
642
643
644
645
646
647
648
649
650
651
652
653
654
655
656
657
658
659
660
661
662
663
664
665
666
668
669
670
672
673
674
675
676
677
678
679
680
681
682
687
689
690
