2
3
6
7
8
9
10
13
14
15
16
17
18
19
20
21
22
23
25
29
31
32
33
34
35
36
37
38
40
41
43
44
45
46
47
49
50
51
52
53
55
56
57
58
59
62
63
65
70
71
72
73
74
75
76
77
79
80
81
82
83
84
90
92
94
97
98
99
100
101
102
105
107
108
109
110
111
112
113
114
115
116
117
118
120
121
122
126
127
128
129
130
131
132
133
134
135
136
137
138
140
141
143
144
146
148
149
150
151
152
154
155
156
157
158
159
160
161
162
163
167
169
170
171
172
173
174
175
176
177
178
179
180
181
182
183
184
186
187
188
189
190
191
192
193
194
195
197
198
199
202
206
207
208
209
211
212
213
214
216
217
218
219
220
221
222
223
224
225
226
227
228
229
230
231
232
233
234
235
236
237
239
240
241
242
243
244
245
246
247
248
250
251
252
253
254
256
258
259
260
262
263
265
266
269
270
271
272
273
274
275
276
277
278
279
280
281
282
283
284
285
286
288
290
291
292
293
295
296
297
298
299
300
303
304
305
306
307
308
310
312
314
316
320
321
322
323
324
325
326
327
328
329
330
331
334
335
336
337
338
340
342
343
344
346
347
348
349
350
351
352
353
354
355
356
357
359
360
361
362
363
364
365
366
367
368
369
370
371
372
373
375
376
377
378
379
380
382
383
385
388
389
390
391
392
393
394
395
396
397
398
400
401
404
406
409
410
412
413
415
416
419
420
421
422
423
424
425
426
427
428
429
430
431
432
433
434
435
436
437
438
439
440
441
442
443
444
445
446
447
448
451
452
454
455
456
458
459
461
462
463
464
465
466
467
468
469
471
473
474
475
476
477
478
479
480
482
483
484
485
486
487
489
490
491
493
494
495
496
497
498
499
500
501
502
503
504
506
507
508
509
511
512
515
516
517
518
519
520
521
522
523
524
525
526
527
528
529
531
533
534
535
536
537
538
540
542
543
544
545
546
547
549
550
551
553
554
555
556
557
558
559
560
561
562
563
564
566
567
568
572
573
575
576
577
578
579
580
582
584
588
589
591
592
593
594
595
596
597
598
599
600
601
602
603
604
605
606
607
608
609
611
612
614
615
616
617
618
619
620
621
622
623
624
625
626
627
628
629
630
631
632
633
635
636
638
639
640
641
642
644
645
646
647
648
649
650
653
655
656
657
658
659
660
662
663
664
665
666
667
668
669
670
671
672
675
676
677
678
680
682
683
684
685
687
688
689
690
691
692
693
694
699
700
702
703
704
705
706
707
708
709
710
711
712
714
715
716
717
718
719
720
721
722
723
724
725
726
727
728
729
730
731
732
734
735
736
737
738
739
740
741
742
743
744
745
747
749
750
752
753
756
757
758
762
763
766
767
768
769
771
