1
2
3
4
5
6
7
8
10
12
13
16
19
20
21
22
23
24
25
27
29
31
33
34
35
43
45
48
49
50
51
52
53
54
55
56
57
59
60
61
66
69
70
71
72
75
76
77
79
80
81
82
84
86
87
88
89
90
91
95
96
97
98
100
102
104
105
106
108
110
114
115
117
118
119
120
122
123
124
125
126
128
130
131
132
133
134
136
137
140
141
142
143
147
149
150
151
152
153
154
155
156
157
158
159
164
165
166
167
168
169
171
172
173
174
175
178
179
180
181
182
183
184
185
186
187
188
190
191
192
194
195
196
200
201
202
203
204
206
207
210
211
213
215
216
217
218
220
221
223
225
227
228
229
233
234
236
237
238
239
240
241
242
244
245
246
247
248
249
251
252
253
255
256
257
258
260
261
264
265
266
268
269
270
272
273
274
275
277
278
279
281
285
288
289
291
292
294
296
298
299
301
302
303
304
305
306
308
309
310
312
313
314
317
318
319
320
321
322
324
325
326
327
328
329
332
333
334
335
339
341
343
344
345
346
347
348
349
350
351
353
355
356
358
359
360
361
362
364
365
366
367
369
370
371
372
373
375
376
378
379
382
383
384
385
386
387
388
389
390
391
392
393
394
396
397
398
399
400
401
402
405
406
408
409
411
412
413
415
418
419
420
421
422
423
424
425
426
427
428
429
430
431
433
435
436
437
438
439
440
441
442
443
444
445
446
447
448
449
450
451
452
454
455
456
457
458
459
