0	43
0	256
0	12
0	13
0	10
0	91
0	5
0	649
0	33
0	21
0	14
1	2
1	266
1	12
1	13
1	33
1	299
2	1613
2	432
2	20
2	4
2	14
2	10
2	11
2	427
2	13
2	91
2	128
2	22
3	186
3	438
3	25
3	44
3	12
3	13
3	116
3	113
3	55
3	4
3	14
3	20
4	18
4	79
4	44
4	125
4	25
4	54
4	12
4	91
4	14
4	101
4	116
4	45
5	508
5	115
5	125
5	144
5	278
5	2
5	11
5	4
5	14
5	12
5	91
5	13
5	22
5	7
5	649
6	134
6	44
6	25
6	115
6	22
6	4
6	14
6	36
6	102
6	21
6	113
6	116
6	33
6	91
6	7
6	12
7	755
7	113
7	10
7	91
7	21
7	13
7	238
7	4
7	14
7	1143
8	468
8	889
8	10
8	11
8	4
8	14
8	55
8	129
8	833
8	12
8	13
9	431
9	4
9	14
9	102
9	129
9	1130
9	11
9	10
9	116
9	33
9	91
10	117
10	12
10	55
10	13
10	91
10	129
10	11
10	10
10	116
10	4
10	14
10	33
11	1363
11	55
11	833
11	129
11	11
11	10
11	91
11	33
12	277
12	11
12	10
12	60
12	33
12	13
12	55
12	129
12	4
12	14
13	241
13	1614
13	547
13	660
13	19
13	164
13	144
13	34
13	12
13	14
13	102
13	55
13	22
13	4
14	547
14	53
14	19
14	12
14	4
14	14
14	11
14	33
14	22
14	209
14	91
14	21
15	934
15	53
15	19
15	209
15	12
15	91
15	21
15	22
15	4
15	14
15	33
15	11
16	40
16	43
16	17
16	26
16	148
16	1615
16	22
16	25
16	12
16	13
16	20
16	28
16	11
16	21
17	468
17	18
17	247
17	33
17	12
17	11
17	13
17	91
18	18
18	498
18	884
18	91
18	1243
19	1616
19	44
19	12
19	4
19	7
19	10
19	280
19	13
19	401
19	14
19	91
20	1617
20	4
20	44
20	91
20	10
20	37
20	33
20	11
20	14
20	509
21	742
21	19
21	256
21	125
21	14
21	102
21	91
21	37
21	12
21	1618
21	318
21	247
21	823
22	166
22	34
22	12
22	10
22	102
22	11
22	22
22	237
22	91
22	672
23	1619
23	10
23	167
23	105
23	1620
23	394
23	91
23	419
24	222
24	4
24	410
24	1058
24	1049
24	10
24	91
24	33
24	21
24	105
24	12
25	10
25	91
25	33
25	21
25	105
26	602
26	286
26	95
26	190
26	158
26	13
26	104
26	10
26	33
27	547
27	4
27	881
27	10
27	14
27	11
27	33
27	22
27	5
27	91
27	19
28	638
28	357
28	204
28	12
28	11
28	5
28	21
28	22
28	37
28	4
28	14
28	128
29	62
29	5
29	22
29	11
29	116
29	10
29	91
29	33
29	7
30	40
30	16
30	284
30	19
30	34
30	13
30	12
30	21
30	22
31	285
31	14
31	1151
31	19
31	13
31	12
31	10
31	129
31	91
31	22
31	113
31	45
31	4
32	43
32	25
32	10
32	13
32	113
32	12
32	4
32	14
32	91
32	22
32	55
32	390
33	410
33	787
33	852
33	956
33	59
33	26
33	44
33	94
33	178
33	22
33	12
33	13
33	11
33	4
33	14
33	28
33	427
34	134
34	147
34	149
34	621
34	25
34	2
34	20
34	45
34	4
34	14
34	10
34	13
34	21
34	11
34	12
34	55
34	33
35	145
35	1621
35	205
35	14
35	277
35	280
35	12
35	37
36	956
36	1272
36	19
36	60
36	4
36	14
36	11
37	222
37	10
37	14
37	11
37	33
37	5
37	4
37	113
38	32
38	256
38	33
38	116
38	91
38	12
38	21
39	466
39	125
39	36
39	4
39	12
39	11
39	13
39	116
39	33
39	142
40	16
40	580
40	19
40	17
40	44
40	25
40	11
40	4
40	14
40	12
40	13
40	299
40	20
41	285
41	1622
41	103
41	12
41	37
41	10
41	91
41	11
41	104
41	877
42	285
42	573
42	103
42	12
42	37
42	10
42	91
42	11
42	104
42	877
43	145
43	4
43	5
43	1623
43	1465
43	12
43	85
43	8
44	18
44	10
44	91
44	55
44	129
44	21
44	95
44	13
44	11
45	167
45	573
45	17
45	256
45	174
45	12
45	116
45	14
45	33
46	266
46	1624
46	79
46	13
46	54
46	4
46	101
46	102
46	487
46	12
46	139
47	266
47	1624
47	79
47	13
47	54
47	4
47	101
47	102
47	487
47	12
47	139
48	62
48	222
48	4
48	36
48	11
48	10
48	427
48	13
48	91
48	33
49	145
49	1625
49	4
49	5
50	253
50	12
50	13
50	55
50	129
50	4
50	14
50	11
50	91
50	889
51	414
51	79
51	10
51	91
51	116
51	33
52	43
52	281
52	19
52	18
52	32
52	36
52	383
52	11
52	427
52	13
52	167
52	22
52	396
53	1608
53	174
53	241
53	1626
53	19
53	13
53	33
53	12
53	1536
53	113
53	4
53	14
54	266
54	2
54	19
54	11
54	12
54	13
54	4
54	14
54	20
54	33
54	55
54	22
55	146
55	1627
55	1628
55	102
55	21
55	12
55	13
55	1017
55	397
55	33
56	253
56	384
56	38
56	1629
56	611
56	468
56	12
56	689
56	116
57	1630
57	4
57	14
57	11
57	12
57	55
57	33
57	10
58	220
58	12
58	10
58	13
58	14
58	11
58	1437
58	4
58	91
59	285
59	19
59	4
59	14
59	10
59	12
59	322
59	238
60	285
60	19
60	4
60	14
60	10
60	12
60	322
60	238
61	266
61	2
61	144
61	54
61	4
61	14
61	22
61	11
61	33
61	12
61	13
61	55
61	21
62	43
62	241
62	12
62	13
62	91
62	33
62	11
62	129
62	55
62	833
62	4
62	14
62	21
62	112
62	45
63	145
63	4
63	14
63	8
63	55
64	1631
64	577
64	621
64	190
64	1632
64	14
64	7
64	12
64	13
64	91
65	1633
65	175
65	303
65	19
65	438
65	11
65	4
65	14
65	21
65	13
65	22
65	7
66	153
66	25
66	44
66	11
66	649
66	4
66	14
66	12
66	13
66	21
66	20
66	390
66	22
67	40
67	26
67	10
67	13
67	14
67	4
67	113
67	91
67	245
68	40
68	26
68	4
68	14
68	113
68	91
68	10
68	13
68	245
69	43
69	26
69	10
69	22
69	11
69	55
69	33
69	14
69	4
69	91
69	13
69	12
69	7
70	43
70	437
70	530
70	688
70	17
70	25
70	1634
70	187
70	1635
70	1256
70	280
70	12
70	10
70	4
70	14
70	1548
70	401
70	20
71	19
71	2
71	643
71	53
71	12
71	11
71	427
71	13
71	4
71	10
72	1636
72	2
72	643
72	53
72	12
72	11
72	14
72	13
72	4
72	10
73	959
73	1637
73	1638
73	95
73	102
73	4
73	19
73	12
73	238
73	21
73	121
73	352
73	91
74	40
74	43
74	1036
74	22
74	21
74	33
74	11
74	12
74	4
74	13
74	91
74	7
75	816
75	14
75	4
75	102
75	55
75	263
75	12
76	2
76	45
76	12
76	10
76	56
76	4
76	14
76	55
76	22
76	13
77	39
77	70
77	1639
77	1640
77	1106
77	204
77	14
77	25
77	12
77	4
78	266
78	2
78	104
78	10
78	91
78	13
78	11
78	22
78	20
78	4
78	14
79	269
79	12
79	10
79	116
79	13
79	37
79	14
79	11
79	4
79	102
80	573
80	125
80	54
80	11
80	10
80	12
80	13
80	91
80	4
80	14
80	102
80	20
80	33
80	22
81	292
81	663
81	11
81	12
81	13
81	14
81	55
81	45
82	292
82	266
82	12
82	10
82	13
82	14
82	102
82	11
82	91
82	4
82	20
83	292
83	40
83	36
83	11
83	12
83	13
83	91
83	4
83	14
83	102
83	7
83	55
84	1641
84	292
84	54
84	256
84	12
84	45
85	46
85	146
85	25
85	4
85	34
85	22
85	10
85	13
85	11
85	21
85	116
85	142
86	49
86	129
86	55
86	14
86	12
86	113
86	56
87	942
87	646
87	45
87	418
87	12
87	21
88	43
88	268
88	11
88	12
88	13
88	4
88	14
89	428
89	596
89	19
89	241
89	378
89	91
89	12
89	390
90	573
90	547
90	101
90	19
90	4
90	45
90	10
90	13
90	91
90	33
91	46
91	52
91	12
91	13
91	20
91	21
91	28
91	113
92	266
92	17
92	1307
92	12
92	13
92	22
92	45
93	266
93	316
93	28
93	21
93	11
93	12
93	91
93	13
93	639
93	427
93	22
93	45
94	679
94	316
94	12
94	13
94	91
94	14
94	20
94	22
95	2
95	14
95	20
95	12
95	13
95	113
95	329
95	19
95	22
96	437
96	19
96	320
96	12
96	13
96	33
96	299
96	14
97	18
97	101
97	14
97	55
97	33
97	116
97	91
97	12
98	1642
98	281
98	4
98	14
98	13
98	91
98	10
98	20
98	28
98	238
98	1643
99	428
99	101
99	22
99	11
99	116
99	91
99	14
99	427
99	33
99	7
99	12
99	13
99	102
100	437
100	174
100	547
100	181
100	17
100	438
100	19
100	22
100	25
100	113
100	12
100	116
100	20
100	14
100	4
101	1644
101	91
101	5
101	10
101	116
101	11
101	22
101	427
101	56
101	33
101	7
102	40
102	25
102	157
102	1645
102	128
102	12
102	91
102	21
102	22
103	42
103	125
103	101
103	102
103	55
103	10
103	37
103	106
103	237
103	116
103	22
103	33
104	1646
104	125
104	101
104	10
104	91
104	983
104	116
104	12
104	22
105	40
105	558
105	54
105	678
105	91
105	499
105	22
105	4
105	14
105	102
106	156
106	95
106	14
106	55
106	102
106	10
106	85
106	91
106	116
106	33
107	122
107	1135
107	1647
107	959
107	102
107	14
107	12
107	116
107	91
107	238
108	437
108	19
108	14
108	102
108	101
108	22
108	12
108	10
108	116
108	268
108	91
108	21
108	13
108	20
108	33
109	186
109	17
109	94
109	222
109	148
109	44
109	182
109	22
109	19
109	7
109	113
109	116
109	10
109	91
109	12
109	13
109	101
109	4
109	14
109	102
110	192
110	2
110	7
110	5
110	10
110	11
110	33
110	116
110	12
110	4
110	14
110	102
111	12
111	167
111	281
112	1489
112	19
112	13
112	1648
113	38
113	1337
113	662
113	1649
113	101
113	36
113	280
113	10
113	13
113	14
113	4
113	760
114	19
114	241
114	22
114	12
114	13
114	383
114	390
115	547
115	22
115	12
115	7
115	91
115	11
115	427
115	13
116	115
116	19
116	241
116	22
116	12
116	13
116	390
117	465
117	292
117	19
117	11
117	10
117	12
117	13
117	21
117	22
117	91
117	4
117	14
117	33
117	1536
117	383
118	19
118	94
118	44
118	26
118	25
118	22
118	924
118	241
118	378
118	12
118	383
118	10
118	13
118	14
118	247
118	7
118	91
119	1650
119	13
119	12
119	11
119	56
120	1650
120	13
120	12
120	11
121	44
121	1213
121	4
121	14
121	113
121	91
121	12
121	13
121	245
122	1651
122	1214
122	103
122	14
122	11
122	10
122	104
122	91
122	116
122	21
122	22
123	266
123	2
123	104
123	10
123	91
123	11
123	13
123	7
123	33
123	4
123	14
124	196
124	716
124	104
124	19
124	451
124	7
124	245
124	12
124	11
124	21
124	14
124	102
124	4
124	10
124	91
125	124
125	2
125	103
125	104
125	11
125	10
125	12
125	91
125	13
125	7
125	33
125	4
125	14
126	398
126	103
126	4
126	14
126	11
126	91
126	12
126	13
126	45
127	134
127	12
127	10
127	11
127	402
127	112
127	45
128	409
128	19
128	241
128	12
128	116
128	14
128	4
128	102
128	20
129	26
129	2
129	414
129	303
129	317
129	4
129	11
129	12
129	10
129	91
129	13
129	33
129	7
130	409
130	102
130	14
130	4
130	281
130	128
130	10
130	320
130	85
130	1652
130	91
131	1653
131	4
131	95
131	821
131	281
131	12
131	91
131	1002
131	167
131	1418
132	1649
132	43
132	190
132	44
132	25
132	1654
132	618
132	397
132	12
132	13
132	21
132	238
133	19
133	216
133	701
133	34
133	12
133	14
133	275
133	91
134	704
134	578
134	12
134	11
134	4
134	14
135	317
135	44
135	11
135	20
135	33
135	12
135	13
135	22
135	4
135	14
135	102
136	43
136	7
136	4
136	14
136	55
136	10
136	113
136	13
136	116
137	158
137	47
137	54
137	25
137	12
137	13
137	34
137	22
138	43
138	602
138	44
138	17
138	22
138	33
138	11
138	14
138	4
138	102
138	55
138	13
138	12
138	28
139	150
139	1655
139	1656
139	404
139	292
139	12
139	101
139	102
139	116
140	84
140	19
140	4
140	14
140	113
140	91
140	12
140	13
140	322
140	238
140	245
141	84
141	19
141	4
141	14
141	113
141	91
141	12
141	13
141	322
141	238
141	245
142	2
142	13
142	11
142	91
142	10
142	116
142	393
142	20
142	7
142	4
142	14
142	12
143	186
143	22
143	91
143	4
143	10
143	14
143	113
143	20
143	116
143	7
143	13
144	186
144	91
144	22
144	10
144	280
144	116
144	13
144	4
144	14
144	20
144	7
145	181
145	315
145	649
145	33
145	12
145	13
145	390
146	428
146	148
146	33
146	4
146	14
146	20
146	102
146	175
146	13
147	190
147	142
147	10
147	91
147	116
147	12
147	13
147	33
148	149
148	281
148	91
148	302
148	167
148	287
149	43
149	1657
149	181
149	14
149	238
149	21
149	12
149	91
149	85
150	192
150	94
150	44
150	12
150	113
150	13
150	116
150	4
150	14
150	102
150	19
150	22
150	20
151	2
151	332
151	45
151	33
151	1437
151	10
151	91
151	11
151	4
151	14
151	13
152	219
152	19
152	7
152	12
152	55
152	13
152	11
152	4
153	144
153	19
153	44
153	18
153	412
153	34
153	12
153	11
153	22
154	2
154	19
154	237
154	121
154	91
154	12
154	11
154	7
154	14
155	2
155	439
155	19
155	60
155	11
155	4
155	14
155	10
155	13
155	163
156	134
156	20
156	12
156	113
156	13
156	55
156	19
156	21
156	33
156	241
156	22
156	4
156	14
157	330
157	252
157	17
157	153
157	12
157	13
157	113
157	4
157	14
157	649
158	1356
158	440
158	1658
158	5
158	91
158	12
158	37
158	11
158	22
158	4
158	14
159	330
159	378
159	19
159	241
159	390
159	12
159	113
159	13
159	55
159	10
160	956
160	1659
160	1272
160	1237
160	443
160	91
160	1660
160	4
160	14
160	22
161	1
161	44
161	25
161	17
161	22
161	1661
161	10
161	91
161	113
161	12
161	28
162	117
162	449
162	11
162	4
162	14
162	102
162	10
162	12
162	116
162	91
162	22
162	7
163	16
163	685
163	400
163	19
163	17
163	11
163	12
163	13
163	639
163	427
163	320
163	299
163	33
163	45
164	271
164	11
164	4
164	14
164	33
164	55
164	12
164	13
164	22
165	234
165	55
165	14
165	102
165	95
165	113
165	1210
165	128
166	84
166	4
166	14
166	55
166	184
166	12
167	437
167	14
167	128
167	12
167	37
167	11
167	21
167	22
167	19
167	91
168	17
168	834
168	1243
168	4
168	14
168	12
168	13
168	11
169	510
169	400
169	17
169	12
169	13
169	11
170	222
170	151
170	181
170	103
170	101
170	22
170	55
170	104
170	11
170	427
170	12
170	10
170	13
170	45
171	195
171	44
171	26
171	18
171	19
171	113
171	10
171	55
171	12
171	22
171	13
172	216
172	286
172	95
172	959
172	280
172	91
172	13
172	20
173	43
173	440
173	14
173	85
173	111
173	1662
173	12
173	91
173	281
173	238
173	21
174	18
174	32
174	55
174	101
174	91
174	14
174	116
174	12
174	4
174	33
175	409
175	281
175	156
175	175
175	12
175	21
175	22
175	106
175	19
175	1055
175	1663
175	116
175	91
175	237
176	155
176	367
176	280
176	12
176	4
176	14
176	102
176	13
176	20
176	22
176	245
177	1664
177	103
177	4
177	22
177	163
177	116
177	427
177	280
177	12
177	13
177	246
177	20
178	220
178	45
178	102
178	11
178	55
178	13
178	12
178	299
179	1608
179	4
179	102
179	22
179	12
179	11
179	14
179	1536
179	19
179	13
179	20
180	47
180	54
180	12
180	13
180	45
181	190
181	81
181	1665
181	1666
181	10
181	12
181	91
181	85
181	895
182	1170
182	124
182	12
182	103
182	13
183	1667
183	4
183	14
183	12
183	13
183	1668
183	280
183	238
183	21
183	523
183	7
184	181
184	148
184	11
184	12
184	13
184	4
184	14
184	22
184	7
185	18
185	54
185	144
185	148
185	33
185	12
185	13
185	91
185	116
186	79
186	148
186	12
186	13
186	4
186	20
187	847
187	181
187	148
187	17
187	11
187	172
187	12
187	13
187	33
187	14
188	12
188	1158
188	4
188	54
188	14
188	22
188	1669
188	280
188	20
188	13
188	963
189	963
189	12
189	1158
189	4
189	54
189	14
189	22
189	1669
189	280
189	20
189	13
190	62
190	266
190	685
190	736
190	148
190	33
190	142
190	247
190	208
190	10
190	12
190	13
190	116
190	91
190	102
190	36
191	62
191	53
191	12
191	10
191	13
191	247
191	113
191	209
191	142
191	770
191	4
192	768
192	1209
192	45
192	12
192	21
193	428
193	2
193	101
193	102
193	4
193	45
193	10
193	13
194	52
194	12
194	13
194	21
195	300
195	1071
195	17
195	25
195	181
195	13
195	523
195	12
195	21
195	20
196	291
196	271
196	7
196	12
196	13
196	14
196	113
196	4
197	398
197	4
197	14
197	36
197	7
197	33
197	113
197	116
197	91
197	10
197	12
197	13
197	22
198	43
198	264
198	242
198	91
198	113
198	13
198	14
198	172
199	284
199	4
199	113
199	12
199	13
199	116
199	14
200	43
200	187
200	11
200	14
200	4
200	12
200	13
200	21
200	28
201	1670
201	558
201	25
201	44
201	1255
201	106
201	10
201	91
201	21
201	1671
201	12
202	84
202	43
202	156
202	44
202	190
202	157
202	4
202	14
202	12
202	13
202	91
202	21
202	238
202	106
202	105
203	547
203	18
203	19
203	4
203	12
203	11
203	299
203	45
204	1672
204	174
204	22
204	18
204	19
204	14
204	28
204	178
204	7
204	13
204	4
205	186
205	26
205	400
205	19
205	11
205	13
205	12
205	21
205	22
206	117
206	25
206	148
206	14
206	113
206	12
206	13
206	4
206	10
207	117
207	357
207	410
207	14
207	280
207	10
207	12
207	13
207	4
207	163
207	25
208	742
208	40
208	1673
208	4
208	1046
208	102
208	95
208	10
208	106
208	12
208	13
209	24
209	17
209	12
209	13
209	21
209	28
210	465
210	36
210	91
210	4
210	268
210	10
210	21
210	1536
210	12
210	13
210	33
211	852
211	220
211	510
211	465
211	656
211	221
211	1674
211	1608
211	22
211	103
211	116
211	12
211	4
211	10
211	1536
211	113
211	13
211	1525
211	4
212	508
212	144
212	160
212	190
212	675
212	2
212	19
212	12
212	91
212	299
212	45
212	4
213	292
213	54
213	18
213	2
213	11
213	12
213	13
213	4
213	14
213	102
213	91
213	22
213	7
214	40
214	33
214	4
214	10
214	13
214	14
214	12
214	113
215	2
215	144
215	412
215	19
215	34
215	12
215	4
215	14
215	11
215	22
215	1191
216	16
216	508
216	19
216	4
216	14
216	427
216	11
216	12
216	22
216	28
216	20
216	33
217	241
217	157
217	410
217	151
217	4
217	104
217	45
218	157
218	54
218	18
218	102
218	222
218	4
218	14
219	253
219	13
219	877
219	56
219	4
219	12
219	14
219	113
219	33
219	10
220	371
220	38
220	12
220	37
220	4
220	14
220	102
220	55
220	129
220	11
220	22
220	833
220	91
221	371
221	38
221	12
221	4
221	14
221	102
221	22
221	5
221	635
221	45
222	388
222	20
222	10
222	11
222	55
222	12
222	13
222	4
222	14
222	33
223	125
223	115
223	4
223	14
223	11
223	12
223	13
223	7
224	466
224	125
224	103
224	12
224	10
224	116
224	13
224	33
224	4
224	113
224	142
224	1525
224	4
225	1675
225	34
225	10
225	14
225	101
225	4
226	18
226	2
226	22
226	10
226	14
226	12
226	113
226	13
226	877
226	33
226	4
226	20
227	611
227	328
227	38
227	384
227	155
227	4
227	12
227	13
227	11
227	36
227	116
227	14
228	266
228	155
228	25
228	17
228	22
228	12
228	20
228	13
229	145
229	523
229	898
229	12
229	13
229	401
230	437
230	54
230	256
230	7
230	649
230	12
230	13
230	113
230	19
230	22
231	2
231	150
231	19
231	241
231	11
231	4
231	33
231	14
231	7
231	12
231	13
232	222
232	1676
232	331
232	4
232	14
232	22
232	55
232	12
233	2
233	19
233	22
233	4
233	14
233	55
233	12
233	11
233	13
233	241
233	33
233	20
234	38
234	187
234	4
234	14
234	1677
234	45
234	12
235	881
235	547
235	280
235	12
235	13
235	19
235	5
235	383
235	444
236	222
236	334
236	54
236	1665
236	19
236	12
236	10
236	13
236	21
236	14
237	53
237	19
237	22
237	11
237	10
237	4
237	14
237	12
237	13
237	390
238	19
238	91
238	494
238	7
238	287
239	265
239	167
239	1605
239	281
239	12
239	85
239	101
239	13
239	169
240	428
240	19
240	241
240	378
240	4
240	427
240	11
240	12
240	13
240	390
241	220
241	19
241	11
241	21
241	13
241	12
241	10
241	4
241	14
241	299
241	7
241	33
242	805
242	19
242	241
242	91
242	7
243	1046
243	801
243	44
243	4
243	1101
243	968
243	104
243	105
243	106
243	10
243	91
243	21
244	43
244	11
244	13
244	19
244	22
244	12
244	7
245	16
245	19
245	174
245	18
245	22
245	12
245	13
245	11
245	427
245	28
245	20
246	43
246	55
246	12
246	4
246	14
246	45
247	141
247	10
247	11
247	12
247	4
247	14
247	649
247	45
247	383
248	173
248	38
248	439
248	10
248	12
248	33
248	13
248	4
248	7
248	14
249	331
249	418
249	91
249	449
249	7
250	192
250	241
250	1347
250	20
250	14
250	12
250	13
250	11
250	91
251	266
251	17
251	1151
251	12
251	397
251	11
251	33
251	91
251	21
251	1678
252	173
252	5
252	4
252	383
253	222
253	10
253	13
253	33
253	427
253	4
253	36
253	91
253	113
254	145
254	1679
254	4
254	12
254	55
255	145
255	1679
255	4
255	12
255	55
256	1262
256	4
256	95
256	10
256	21
256	33
257	25
257	26
257	14
257	10
257	13
257	12
257	299
257	33
257	45
258	2
258	11
258	12
258	10
258	13
258	91
258	4
258	14
258	102
258	22
258	7
258	28
259	547
259	241
259	19
259	12
259	383
259	45
260	1680
260	19
260	256
260	125
260	14
260	102
260	91
260	37
260	12
260	1618
260	318
260	247
260	823
261	62
261	877
261	5
261	60
261	4
261	14
261	12
261	7
261	55
261	833
261	757
261	129
261	347
261	1681
262	25
262	16
262	17
262	1208
262	47
262	19
262	241
262	22
262	12
262	11
262	13
262	28
262	45
263	77
263	1682
263	36
263	4
263	14
263	55
263	113
263	12
263	13
263	10
263	91
263	20
263	22
264	1683
264	116
264	36
264	280
264	21
264	12
264	427
264	13
264	10
264	22
264	163
264	28
265	1683
265	116
265	36
265	280
265	21
265	12
265	427
265	13
265	10
265	22
265	163
265	28
266	1684
266	102
266	113
266	12
266	322
266	238
266	28
266	245
267	1684
267	102
267	113
267	12
267	322
267	238
267	28
268	196
268	25
268	17
268	437
268	11
268	12
268	22
268	20
269	852
269	510
269	25
269	17
269	11
269	4
269	14
269	299
269	20
269	28
269	12
269	13
269	320
270	72
270	12
270	91
270	116
270	4
270	14
270	20
270	55
270	113
270	10
271	253
271	22
271	4
271	10
271	427
271	13
271	102
271	7
271	833
271	33
271	55
272	134
272	44
272	144
272	4
272	14
272	7
272	10
272	12
272	13
272	11
272	116
272	22
273	62
273	45
273	12
273	10
273	91
273	116
273	33
273	22
273	4
273	102
273	14
274	62
274	113
274	22
274	427
274	91
274	10
274	12
274	116
274	45
274	33
275	171
275	2
275	437
275	22
275	21
275	102
275	113
275	14
275	12
275	13
275	111
275	33
275	91
275	20
276	114
276	254
276	25
276	438
276	10
276	91
276	13
276	116
276	4
276	14
276	11
276	12
276	55
276	833
276	129
276	22
276	20
276	434
277	614
277	7
277	10
277	33
277	12
277	14
277	4
277	36
278	955
278	547
278	254
278	36
278	22
278	20
278	12
278	13
278	113
278	55
278	4
278	14
279	1685
279	528
279	1686
279	526
279	667
279	12
279	116
279	13
279	14
279	102
279	11
279	36
279	4
279	21
280	1687
280	901
280	102
280	1688
280	142
280	10
281	84
281	55
281	4
281	14
281	113
281	91
281	12
281	238
281	245
282	38
282	4
282	14
282	55
282	1689
282	129
282	10
282	238
282	245
283	38
283	4
283	14
283	55
283	1689
283	129
283	10
283	238
283	245
284	1690
284	400
284	4
284	14
284	113
284	10
284	13
284	245
285	384
285	18
285	7
285	12
285	10
285	22
285	4
285	14
285	116
285	13
285	33
286	398
286	44
286	94
286	113
286	19
286	116
286	91
286	22
286	12
286	13
286	4
286	14
286	102
287	195
287	254
287	25
287	47
287	22
287	10
287	116
287	113
287	55
287	13
287	390
287	4
287	14
288	437
288	7
288	12
288	116
288	13
288	4
288	11
288	33
288	22
288	19
288	18
288	128
288	241
289	222
289	55
289	4
289	14
289	12
289	13
289	238
289	113
289	36
290	222
290	79
290	36
290	10
290	33
290	12
290	4
290	14
291	186
291	19
291	47
291	12
291	11
291	91
291	116
291	10
291	14
291	22
291	128
291	1525
291	4
292	834
292	881
292	440
292	174
292	860
292	10
292	12
292	13
292	4
292	280
292	245
292	287
292	444
292	20
292	401
293	1287
293	54
293	2
293	4
293	14
293	102
293	7
293	10
293	268
293	116
293	13
294	1691
294	432
294	16
294	25
294	115
294	11
294	14
294	13
294	12
294	128
294	22
294	1525
294	4
295	1691
295	432
295	16
295	25
295	115
295	11
295	14
295	13
295	12
295	128
295	22
295	1525
295	4
296	1262
296	41
296	219
296	318
296	91
296	11
296	21
296	22
297	1692
297	1693
297	1694
297	1695
297	12
297	91
297	121
298	554
298	1693
298	1694
298	303
298	12
298	91
298	121
299	438
299	35
299	16
299	19
299	22
299	12
299	113
299	13
299	21
299	28
300	428
300	19
300	25
300	12
300	499
300	10
300	116
300	91
300	13
300	14
300	7
300	22
301	621
301	958
301	438
301	91
301	20
302	2
302	400
302	10
302	11
302	91
302	22
302	129
302	4
302	14
302	20
303	16
303	508
303	22
303	19
303	427
303	4
303	13
303	20
303	12
303	113
304	146
304	281
304	10
304	4
304	14
304	11
304	91
304	13
305	679
305	32
305	91
305	116
305	12
305	11
305	13
305	55
305	22
305	33
305	237
305	4
305	14
305	7
306	1696
306	444
306	737
306	101
306	55
306	14
306	91
306	10
306	12
306	392
306	4
306	238
306	280
307	62
307	4
307	14
307	102
307	55
307	12
307	13
307	247
307	142
308	667
308	666
308	529
308	62
308	526
308	36
308	4
308	14
308	55
308	770
308	247
308	12
308	13
309	554
309	12
309	91
309	116
309	33
309	13
309	649
310	266
310	328
310	148
310	11
310	10
310	55
310	13
310	91
310	12
310	390
310	22
310	116
310	4
310	14
310	102
311	266
311	2
311	36
311	5
311	12
311	13
311	91
311	4
311	14
311	7
312	266
312	2
312	25
312	11
312	10
312	12
312	13
312	116
312	91
312	4
312	14
312	649
312	7
312	22
313	266
313	2
313	19
313	7
313	821
313	11
313	91
313	116
313	22
313	4
313	14
313	102
314	955
314	19
314	178
314	22
314	102
314	116
314	113
314	12
314	13
314	4
314	28
314	14
315	16
315	19
315	1633
315	22
315	54
315	113
315	178
315	13
315	28
315	12
315	36
316	203
316	81
316	1697
316	144
316	1698
316	14
316	12
316	85
317	16
317	254
317	36
317	464
317	19
317	7
317	12
317	13
317	280
317	4
317	14
317	102
317	22
318	16
318	254
318	36
318	464
318	19
318	7
318	12
318	13
318	280
318	4
318	14
318	102
318	22
319	155
319	611
319	384
319	328
319	38
319	1629
319	266
319	148
319	12
319	116
319	10
319	113
319	13
319	4
319	14
320	266
320	148
320	14
320	20
320	12
320	11
320	4
320	13
320	1525
320	4
321	222
321	292
321	11
321	4
321	14
321	13
321	12
321	7
321	10
322	2
322	47
322	10
322	11
322	4
322	14
322	12
322	20
322	22
323	266
323	40
323	36
323	11
323	12
323	13
323	7
323	28
323	4
323	14
324	330
324	14
324	4
324	190
324	281
324	12
324	13
324	91
324	21
324	238
325	49
325	22
325	34
325	10
325	14
325	11
325	128
325	91
325	1525
325	4
326	1699
326	281
326	10
326	11
326	14
326	91
326	1700
326	128
326	22
326	1525
326	4
327	43
327	129
327	91
327	277
327	1547
327	698
327	12
327	14
327	1343
327	1012
327	1548
327	928
327	890
327	347
327	55
327	401
328	1701
328	187
328	19
328	1655
328	22
328	4
328	14
328	55
328	12
328	11
328	13
328	33
328	1702
329	195
329	10
329	746
329	7
329	113
329	91
329	21
330	49
330	901
330	10
330	209
330	102
330	142
331	2
331	19
331	7
331	10
331	116
331	14
331	1327
331	91
331	4
331	102
332	573
332	115
332	125
332	91
332	116
332	12
332	13
332	22
332	4
332	14
332	55
332	390
332	33
333	331
333	54
333	25
333	44
333	125
333	22
333	959
333	150
333	91
333	116
333	21
333	12
333	237
333	13
333	14
333	11
333	7
333	33
334	54
334	91
334	116
334	12
334	13
334	33
335	54
335	91
335	116
335	12
335	13
335	33
336	190
336	101
336	91
336	116
336	4
336	14
336	11
336	12
336	13
336	390
336	33
336	22
337	409
337	20
337	19
337	12
337	13
337	22
337	91
337	144
337	128
338	409
338	20
338	19
338	91
338	287
338	12
338	13
338	962
338	144
339	834
339	852
339	221
339	22
339	13
339	91
339	12
339	4
339	14
339	1536
340	196
340	434
340	113
340	4
340	14
340	55
340	12
340	91
340	13
341	1703
341	431
341	4
341	14
341	113
341	12
341	13
342	346
342	181
342	1704
342	157
342	1058
342	1705
342	1049
342	4
342	102
342	10
342	91
342	33
343	266
343	144
343	54
343	11
343	12
343	13
343	91
343	116
343	4
343	14
343	7
343	22
343	649
344	1706
344	286
344	103
344	111
344	104
344	12
344	509
344	5
344	37
344	91
345	262
345	19
345	17
345	1197
345	14
345	12
345	13
345	7
346	317
346	44
346	11
346	20
346	33
346	12
346	13
346	22
346	4
346	14
346	102
347	25
347	44
347	144
347	19
347	22
347	11
347	12
347	33
347	13
347	7
347	14
348	602
348	125
348	54
348	22
348	19
348	13
348	14
348	12
348	7
348	11
349	22
349	646
349	178
349	19
349	26
349	94
349	12
349	13
349	33
350	547
350	398
350	576
350	19
350	17
350	22
350	241
350	44
350	46
350	25
350	2
350	36
350	20
350	113
350	13
350	237
350	21
350	4
350	14
351	645
351	256
351	303
351	241
351	101
351	45
351	12
352	428
352	54
352	125
352	142
352	390
352	10
352	11
352	12
352	13
352	4
352	14
352	102
352	45
352	22
353	614
353	10
353	22
353	4
353	14
353	12
353	91
353	7
354	893
354	43
354	307
354	219
354	252
354	91
354	12
354	11
354	4
354	10
354	14
354	22
354	401
355	346
355	625
355	1707
355	4
355	101
355	10
355	14
355	91
355	33
356	330
356	254
356	47
356	17
356	36
356	12
356	113
356	13
356	10
356	91
356	55
356	116
356	4
356	14
356	102
356	22
356	390
357	155
357	254
357	12
357	13
357	121
357	4
357	14
357	102
357	22
357	45
358	1027
358	19
358	14
358	95
358	4
358	7
358	12
358	13
358	91
358	655
358	245
359	300
359	254
359	54
359	47
359	10
359	116
359	13
359	14
359	55
359	91
359	113
359	4
359	102
359	1327
359	20
360	190
360	13
360	4
360	12
360	33
361	2
361	1375
361	12
361	10
361	91
361	14
361	11
361	13
362	117
362	25
362	882
362	4
362	14
362	11
362	12
362	13
362	10
363	1046
363	19
363	1708
363	281
363	12
363	320
364	40
364	43
364	2
364	4
364	14
364	19
364	895
364	55
364	22
365	508
365	2
365	11
365	12
365	13
365	91
365	116
365	4
365	102
365	14
365	7
365	22
366	508
366	663
366	22
366	11
366	12
366	13
366	7
366	14
366	116
367	1709
367	1710
367	1711
367	1712
367	36
367	302
367	75
367	12
367	13
367	11
367	19
367	33
367	4
367	14
367	102
368	153
368	16
368	19
368	22
368	17
368	400
368	12
368	113
368	28
369	62
369	241
369	580
369	383
369	45
369	10
369	11
369	4
369	14
369	60
370	62
370	266
370	7
370	13
370	4
370	14
370	10
370	12
371	437
371	4
371	11
371	12
371	13
371	299
371	20
371	1525
371	4
372	145
372	53
372	1713
372	167
372	17
372	44
372	25
372	174
372	4
372	12
372	11
372	21
372	13
372	33
372	1714
373	575
373	701
373	54
373	102
373	320
373	22
373	281
374	508
374	125
374	12
374	13
374	33
375	1069
375	2
375	18
375	54
375	103
375	157
375	34
375	12
375	37
375	4
375	14
376	241
376	32
376	19
376	412
376	34
376	12
376	4
376	33
376	21
376	36
377	53
377	102
377	247
377	12
377	37
377	33
377	959
378	428
378	12
378	37
378	102
378	33
378	247
378	91
378	175
379	1612
379	157
379	278
379	54
379	12
379	116
379	102
379	55
379	129
379	11
379	33
379	142
380	2
380	11
380	12
380	10
380	91
380	13
380	4
380	14
380	22
380	649
380	7
381	181
381	2
381	11
381	12
381	13
381	4
381	14
381	22
381	7
382	747
382	19
382	144
382	18
382	464
382	660
382	10
382	4
382	14
382	13
382	11
382	1715
383	53
383	2
383	11
383	10
383	4
383	14
383	102
383	12
383	13
383	22
383	649
383	7
384	47
384	2
384	11
384	12
384	13
384	91
384	4
384	14
384	102
384	639
384	427
384	28
384	21
384	33
384	22
384	19
384	7
385	428
385	2
385	4
385	14
385	11
385	12
385	13
385	91
385	390
385	649
385	22
386	2
386	292
386	11
386	10
386	91
386	12
386	13
386	4
386	14
386	129
386	22
386	390
387	679
387	2
387	54
387	125
387	11
387	4
387	14
387	102
387	12
387	10
387	13
387	7
387	28
387	22
388	125
388	2
388	11
388	4
388	14
388	12
388	13
388	91
388	10
388	22
388	7
389	155
389	254
389	25
389	47
389	36
389	12
389	116
389	13
389	55
389	21
389	33
389	4
389	14
389	102
389	20
390	54
390	2
390	36
390	4
390	14
390	12
390	13
390	91
390	116
390	28
390	390
390	22
390	11
391	331
391	241
391	10
391	12
391	13
391	91
391	14
391	11
391	1347
391	7
392	62
392	256
392	125
392	125
392	19
392	514
392	112
392	12
392	832
393	25
393	1480
393	167
393	91
393	12
393	281
394	18
394	101
394	14
394	55
394	33
394	116
394	91
394	12
395	192
395	17
395	125
395	46
395	685
395	44
395	19
395	22
395	116
395	12
395	20
395	28
395	4
395	14
395	113
395	102
395	13
396	181
396	262
396	12
396	13
396	33
396	91
397	1158
397	19
397	36
397	22
397	12
397	11
397	21
397	13
397	116
397	91
397	4
397	14
397	7
398	284
398	94
398	254
398	19
398	113
398	12
398	13
398	20
398	22
399	155
399	36
399	12
399	11
399	13
399	4
399	14
399	102
399	33
399	116
399	21
399	553
400	155
400	36
400	12
400	11
400	13
400	4
400	14
400	102
400	33
400	116
400	21
400	553
401	114
401	418
401	19
401	241
401	14
401	33
401	13
401	12
401	7
401	11
401	4
402	146
402	26
402	4
402	19
402	175
403	266
403	91
403	116
403	12
403	33
404	266
404	12
404	324
405	266
405	91
405	121
405	12
405	33
406	468
406	18
406	33
406	116
406	12
406	13
406	11
407	852
407	116
407	33
407	12
407	10
408	1716
408	19
408	12
408	565
408	190
408	151
408	508
408	13
408	10
408	116
408	55
408	112
408	1717
408	315
408	418
408	280
408	21
408	239
409	155
409	468
409	36
409	11
409	102
409	4
409	427
409	12
409	13
409	116
410	1718
410	1403
410	12
410	36
410	116
410	4
410	245
410	14
410	28
410	21
410	401
411	1403
411	12
411	36
411	116
411	4
411	245
411	14
411	28
411	21
411	401
412	181
412	4
412	7
412	14
412	12
412	13
412	33
413	181
413	278
413	12
413	13
413	33
414	181
414	38
414	11
414	10
414	12
414	13
414	4
414	14
414	55
414	22
414	7
414	33
415	222
415	181
415	280
415	10
415	91
415	935
415	22
415	21
415	4
415	14
415	7
415	13
416	49
416	25
416	79
416	14
416	7
416	60
416	11
416	4
416	757
416	277
416	55
416	833
416	129
416	347
416	928
416	313
416	890
416	131
416	623
417	937
417	254
417	18
417	144
417	241
417	12
417	13
417	11
417	22
417	33
417	620
417	7
417	91
417	14
418	266
418	437
418	438
418	154
418	19
418	237
418	12
418	13
418	91
418	116
418	11
418	45
418	14
418	639
418	22
418	21
419	515
419	222
419	101
419	7
419	10
419	13
419	91
419	33
419	19
419	22
420	78
420	17
420	36
420	12
420	13
420	20
420	113
420	55
420	4
420	14
420	22
421	317
421	968
421	28
421	20
421	11
421	55
421	12
421	13
421	22
421	4
421	14
421	102
422	968
422	266
422	973
422	241
422	148
422	19
422	12
422	11
422	639
422	427
422	116
423	43
423	968
423	12
423	22
423	113
423	10
423	91
423	4
423	14
423	28
424	2
424	174
424	102
424	4
424	620
425	156
425	44
425	2
425	115
425	22
425	113
425	4
425	102
425	10
425	33
425	13
425	7
425	21
426	575
426	44
426	18
426	19
426	12
426	13
426	11
426	21
426	91
427	19
427	547
427	4
427	280
427	12
427	13
427	401
427	36
427	1719
427	20
428	145
428	336
428	55
428	11
428	12
428	21
428	4
428	14
428	91
428	13
428	10
428	5
428	33
429	16
429	805
429	19
429	11
429	12
429	13
429	4
429	427
429	21
429	299
429	20
430	40
430	94
430	16
430	805
430	19
430	22
430	12
430	13
430	113
430	91
430	4
430	14
430	20
431	547
431	17
431	22
431	25
431	254
431	19
431	438
431	241
431	47
431	12
431	113
431	13
431	20
432	186
432	805
432	44
432	19
432	22
432	113
432	14
432	12
432	33
432	20
433	59
433	16
433	22
433	17
433	25
433	157
433	19
433	153
433	12
433	113
433	13
433	21
433	28
434	40
434	16
434	438
434	157
434	53
434	1404
434	17
434	43
434	178
434	19
434	12
434	13
434	21
435	16
435	430
435	400
435	19
435	11
435	13
435	12
435	299
435	20
435	28
436	16
436	266
436	19
436	241
436	4
436	14
436	11
436	13
436	91
436	318
436	20
436	22
437	1641
437	54
437	256
437	521
437	316
437	12
437	237
437	45
437	833
437	21
438	53
438	2
438	36
438	102
438	11
438	12
438	13
438	91
438	116
438	55
438	10
438	7
438	33
438	22
439	53
439	38
439	11
439	10
439	12
439	13
439	91
439	116
439	4
439	14
439	102
439	22
439	7
439	649
440	53
440	2
440	4
440	14
440	11
440	55
440	12
440	13
440	91
440	7
441	959
441	43
441	190
441	266
441	570
441	175
441	95
441	14
441	4
441	1071
441	12
441	91
441	1001
441	1328
442	79
442	17
442	20
442	716
442	175
442	19
442	1720
442	12
442	91
442	13
442	33
442	593
443	79
443	504
443	7
443	12
443	10
443	13
443	14
443	11
443	4
444	292
444	241
444	11
444	12
444	91
444	237
444	22
445	222
445	4
445	45
445	33
445	5
445	10
445	91
445	113
445	13
445	116
445	55
445	14
446	43
446	4
446	14
446	12
446	11
446	13
446	10
446	91
446	128
446	22
446	1525
446	4
447	307
447	4
447	11
447	1721
447	20
447	13
447	12
447	10
447	687
448	307
448	4
448	11
448	13
448	687
448	10
448	14
448	1721
448	20
449	307
449	4
449	11
449	13
449	687
449	10
449	14
449	1721
449	20
450	16
450	19
450	11
450	4
450	55
450	12
450	13
450	33
450	299
450	7
451	62
451	125
451	125
451	12
451	14
451	102
451	55
451	11
451	22
451	4
451	36
452	146
452	44
452	287
452	19
452	91
452	113
452	12
452	4
452	14
452	10
453	465
453	4
453	125
453	33
453	14
453	1536
453	22
453	21
453	10
453	116
453	12
453	11
453	13
453	20
454	43
454	102
454	95
454	10
454	85
454	91
455	409
455	102
455	4
455	14
455	103
455	11
455	10
455	91
455	116
455	12
455	21
456	554
456	19
456	91
456	418
456	45
457	26
457	580
457	2
457	11
457	12
457	13
457	33
457	45
458	1722
458	45
458	11
458	91
458	12
458	10
458	4
458	14
459	47
459	437
459	7
459	12
459	13
459	14
459	11
459	91
459	4
459	102
459	28
459	1327
460	40
460	437
460	872
460	4
460	14
460	45
460	299
460	33
460	12
460	13
461	216
461	334
461	12
461	4
461	91
461	22
461	33
461	10
461	37
461	509
462	40
462	148
462	241
462	19
462	4
462	14
462	11
462	91
462	10
462	12
462	13
463	1723
463	190
463	14
463	7
463	12
463	13
463	91
463	238
463	280
464	18
464	12
464	33
464	13
464	101
464	14
464	121
464	91
465	117
465	19
465	47
465	178
465	20
465	4
465	14
465	12
465	113
465	13
465	55
465	22
466	679
466	54
466	19
466	4
466	14
466	11
466	55
466	12
466	13
466	390
466	20
467	40
467	19
467	26
467	1651
467	4
467	37
467	21
467	91
467	116
467	33
467	12
467	14
468	43
468	924
468	872
468	160
468	91
468	10
468	11
468	12
468	13
468	4
468	14
468	20
468	7
469	557
469	78
469	292
469	573
469	4
469	14
469	11
469	91
469	12
469	22
469	13
470	266
470	1158
470	22
470	427
470	13
470	12
470	1525
470	4
471	47
471	1170
471	11
471	12
471	13
471	4
471	14
471	33
471	20
471	22
471	91
471	55
472	473
472	12
472	10
472	13
472	20
472	33
473	431
473	4
473	14
473	91
473	11
473	12
473	116
473	10
473	21
473	13
473	22
473	7
473	499
473	104
474	40
474	154
474	53
474	12
474	33
474	13
474	4
474	21
475	40
475	3
475	2
475	148
475	19
475	13
475	12
475	11
475	10
475	299
475	4
475	20
475	28
476	508
476	2
476	11
476	12
476	13
476	4
476	14
476	7
476	22
477	508
477	103
477	4
477	14
477	12
477	13
477	7
478	292
478	178
478	12
478	45
479	272
479	101
479	115
479	2
479	11
479	10
479	12
479	13
479	4
479	14
479	91
479	22
479	7
479	33
480	166
480	95
480	105
480	281
480	1724
480	1725
480	91
480	102
480	106
480	12
480	499
481	742
481	102
481	111
481	95
481	14
481	318
481	10
481	393
481	21
481	238
482	186
482	432
482	438
482	1187
482	17
482	36
482	11
482	12
482	13
482	427
482	639
482	746
482	7
483	146
483	256
483	190
483	18
483	281
483	10
483	106
483	394
483	12
483	91
483	105
484	1726
484	4
484	5
484	1018
484	97
485	300
485	44
485	17
485	47
485	4
485	14
485	102
485	113
485	55
485	10
485	116
485	13
485	12
485	21
485	22
485	33
485	20
486	398
486	22
486	19
486	13
486	12
486	11
486	383
486	7
487	332
487	19
487	241
487	22
487	10
487	833
487	91
487	129
487	13
487	14
487	7
488	547
488	19
488	13
488	11
488	287
488	12
488	33
488	383
488	373
489	16
489	19
489	7
489	33
489	12
489	13
489	113
489	21
489	22
490	2
490	45
490	4
490	10
490	14
490	102
490	11
490	116
490	12
490	22
491	10
491	116
491	55
491	113
491	13
491	91
491	4
491	14
491	102
491	20
491	383
491	22
492	2
492	182
492	144
492	12
492	142
492	20
492	13
492	11
493	330
493	125
493	44
493	25
493	12
493	13
493	10
493	91
493	113
493	116
493	22
493	4
493	14
493	390
493	33
494	432
494	924
494	621
494	1208
494	262
494	25
494	144
494	676
494	44
494	266
494	190
494	22
494	12
494	91
494	13
494	21
494	7
495	221
495	12
495	268
495	4
495	11
495	14
495	13
496	141
496	4
496	11
496	10
496	12
496	14
496	55
496	383
496	746
496	45
497	474
497	19
497	1070
497	12
497	45
497	263
498	117
498	14
498	5
498	20
498	91
498	1727
499	117
499	14
499	5
499	20
499	91
500	1051
500	4
500	14
500	10
500	104
500	13
500	11
500	56
500	55
500	131
500	60
501	130
501	4
501	14
501	10
501	104
501	13
501	11
501	56
501	55
501	131
501	60
501	129
501	833
502	51
502	34
502	12
502	10
502	13
502	4
502	14
502	102
502	55
502	129
502	101
502	22
502	104
502	888
502	347
502	91
502	263
502	499
502	104
503	15
503	12
503	37
503	4
503	14
503	102
503	11
503	22
503	877
503	128
503	21
503	91
504	16
504	303
504	19
504	22
504	12
504	10
504	11
504	33
504	5
504	91
504	45
505	62
505	7
505	12
505	116
505	13
505	22
505	5
505	33
505	4
505	102
505	14
506	428
506	5
506	10
506	91
506	12
506	13
506	22
506	102
506	4
506	14
506	28
506	7
507	2
507	505
507	12
507	13
507	14
507	11
507	877
507	4
507	102
507	91
507	649
507	1327
508	300
508	115
508	174
508	11
508	5
508	104
508	639
508	427
508	102
508	91
508	13
508	21
508	22
508	20
508	33
509	16
509	25
509	34
509	12
509	102
509	11
509	33
509	22
509	877
509	427
509	4
509	91
510	16
510	292
510	160
510	19
510	34
510	12
510	11
510	22
510	5
511	51
511	12
511	4
511	14
511	102
511	55
511	129
511	101
511	11
511	833
511	347
511	277
511	91
511	21
512	49
512	36
512	102
512	142
512	12
512	10
512	91
512	113
512	4
512	14
512	13
512	33
512	55
512	928
512	129
512	623
512	757
512	833
512	277
513	530
513	368
513	366
513	36
513	10
513	91
513	113
513	12
513	4
513	14
513	55
513	129
514	656
514	852
514	12
514	10
514	13
514	14
514	129
514	91
514	4
514	113
514	1437
515	388
515	2
515	11
515	4
515	14
515	10
515	12
515	13
515	55
515	22
515	20
516	2
516	11
516	101
516	102
516	12
516	13
516	7
516	4
516	14
516	649
516	91
517	292
517	125
517	112
517	116
517	91
517	10
517	11
517	12
517	13
517	22
517	390
518	186
518	14
518	36
518	320
518	163
518	20
518	4
518	116
518	280
518	13
518	401
518	12
519	2
519	508
519	19
519	4
519	45
519	116
519	649
519	12
519	299
519	13
519	21
519	11
520	16
520	174
520	9
520	4
520	14
520	102
520	116
520	91
520	13
520	12
520	22
520	11
520	20
520	10
521	222
521	1017
521	1018
521	4
521	5
522	1728
522	245
522	412
522	1729
522	320
522	13
522	22
522	238
522	12
523	508
523	148
523	649
523	11
523	28
523	12
523	13
523	4
523	14
524	269
524	148
524	45
524	12
524	102
524	55
524	101
524	1191
525	124
525	148
525	12
525	33
525	4
525	14
525	13
526	43
526	438
526	2
526	414
526	148
526	19
526	12
526	113
526	55
526	13
526	22
526	20
526	4
526	102
526	14
527	393
527	167
527	264
527	254
527	54
527	1730
527	1213
527	12
527	13
527	11
527	22
527	1731
527	7
527	10
528	2
528	508
528	53
528	663
528	19
528	12
528	13
528	4
528	14
528	55
528	7
528	113
528	33
528	116
529	920
529	955
529	547
529	19
529	241
529	22
529	639
529	427
529	12
529	11
529	21
529	7
530	428
530	1732
530	32
530	4
530	14
530	102
530	12
530	37
530	11
530	10
530	91
530	101
530	33
531	156
531	216
531	95
531	116
531	274
531	19
531	396
531	12
531	25
531	13
531	36
531	287
531	157
531	102
531	1733
531	20
532	181
532	148
532	12
532	14
532	13
532	28
532	113
532	427
532	4
533	16
533	621
533	19
533	11
533	91
533	877
533	12
533	13
533	299
533	7
534	685
534	1208
534	54
534	151
534	12
534	245
534	28
534	91
535	685
535	1208
535	54
535	151
535	245
535	12
535	28
535	91
536	186
536	19
536	241
536	427
536	10
536	113
536	12
536	13
536	20
536	1525
536	4
537	2
537	437
537	174
537	19
537	113
537	12
537	167
537	13
537	28
537	245
538	43
538	281
538	19
538	18
538	32
538	36
538	383
538	11
538	427
538	13
538	167
538	22
538	396
539	2
539	438
539	36
539	418
539	7
539	10
539	11
539	12
539	13
539	19
539	22
539	33
539	14
540	117
540	187
540	22
540	241
540	113
540	10
540	13
540	12
540	383
540	14
540	4
540	7
541	46
541	328
541	1025
541	22
541	11
541	13
541	12
541	55
541	10
541	427
541	91
541	28
541	7
541	20
541	4
542	533
542	277
542	91
542	12
542	13
542	113
542	4
542	14
542	238
542	1143
543	596
543	331
543	292
543	54
543	19
543	91
543	11
543	116
543	12
543	7
543	13
544	596
544	292
544	331
544	54
544	12
544	13
544	91
544	11
544	116
544	19
544	241
544	45
545	16
545	303
545	19
545	125
545	302
545	299
545	11
545	12
545	13
545	383
545	20
546	330
546	19
546	17
546	25
546	12
546	13
546	113
546	116
546	22
546	390
547	196
547	77
547	4
547	14
547	599
547	12
547	11
547	116
547	13
547	245
547	22
547	7
548	125
548	262
548	2
548	11
548	10
548	12
548	13
548	91
548	4
548	14
548	102
548	7
548	28
548	22
549	145
549	125
549	34
549	12
549	13
549	4
549	11
549	22
549	19
549	290
549	91
550	222
550	101
550	19
550	4
550	102
550	45
550	10
550	299
550	13
550	11
550	21
550	91
551	146
551	292
551	25
551	4
551	14
551	205
551	10
551	85
551	91
551	12
551	21
552	2
552	576
552	45
552	33
552	12
552	13
552	113
552	639
552	427
552	21
552	19
552	241
552	383
553	57
553	437
553	418
553	7
553	13
553	11
553	19
553	22
553	241
553	4
553	14
554	500
554	292
554	7
554	10
554	22
554	12
554	37
554	106
555	500
555	292
555	7
555	10
555	22
555	12
555	37
555	106
556	153
556	25
556	7
556	12
556	13
556	11
556	28
556	1327
556	91
557	25
557	2
557	530
557	1472
557	4
557	14
557	113
557	91
557	10
557	12
557	13
557	28
558	25
558	547
558	44
558	148
558	19
558	22
558	10
558	113
558	12
558	91
558	13
558	14
558	20
559	573
559	36
559	104
559	11
559	10
559	91
559	13
559	390
559	33
559	102
559	14
560	1734
560	4
560	14
560	55
560	267
560	277
560	514
560	347
561	1735
561	7
561	14
561	4
561	102
561	142
561	55
561	104
561	13
561	33
562	43
562	11
562	10
562	13
562	299
562	12
562	129
562	833
562	55
562	4
562	14
562	383
563	431
563	19
563	241
563	4
563	14
563	33
563	55
563	12
563	11
564	43
564	10
564	91
564	113
564	33
564	12
564	623
564	4
564	129
564	7
564	14
564	890
565	43
565	19
565	890
565	623
565	928
565	10
565	22
565	11
565	4
565	33
565	14
565	55
565	129
565	12
565	13
565	7
566	1608
566	19
566	4
566	45
566	13
566	12
566	21
567	2
567	1612
567	1677
567	55
567	698
567	1736
567	129
567	4
567	14
567	10
567	13
567	11
567	689
568	1163
568	241
568	32
568	19
568	299
568	45
568	383
568	21
568	13
568	10
568	116
568	4
568	14
568	91
568	33
569	829
569	32
569	241
569	383
569	21
569	22
569	19
569	10
569	116
569	14
569	4
569	91
569	33
569	13
569	7
570	1737
570	1738
570	14
570	7
570	12
570	13
570	91
570	655
570	21
570	238
570	245
571	266
571	104
571	91
571	116
571	10
571	9
571	4
571	14
571	102
571	12
571	13
571	22
571	7
571	142
572	43
572	12
572	11
572	14
572	102
572	4
572	10
572	21
572	13
572	91
572	116
572	128
573	428
573	167
573	169
573	4
573	14
573	102
573	37
573	91
573	116
574	398
574	19
574	22
574	7
574	4
574	102
574	14
574	101
574	13
574	12
574	11
574	91
574	116
574	10
574	21
575	15
575	432
575	36
575	427
575	639
575	21
575	12
575	13
575	33
575	299
575	20
576	178
576	219
576	19
576	11
576	4
576	14
576	12
576	91
576	13
576	299
576	20
576	28
576	41
577	146
577	1739
577	1740
577	12
577	11
577	19
577	22
577	7
578	182
578	882
578	12
578	55
578	13
579	145
579	14
579	4
579	12
579	55
579	11
579	33
579	444
580	16
580	149
580	19
580	11
580	12
580	13
580	4
580	14
580	299
580	7
581	278
581	43
581	17
581	400
581	13
581	12
581	14
581	28
581	178
581	20
582	44
582	16
582	19
582	26
582	4
582	14
582	113
582	12
582	13
582	322
582	28
582	245
583	46
583	16
583	438
583	17
583	19
583	11
583	299
583	20
583	4
583	14
583	12
583	13
583	1525
583	4
584	918
584	43
584	19
584	22
584	13
584	21
584	11
584	12
584	20
585	379
585	16
585	19
585	22
585	4
585	14
585	113
585	178
585	12
585	13
585	28
585	427
586	554
586	19
586	12
586	91
586	427
586	13
586	22
586	142
586	45
587	40
587	2
587	216
587	19
587	4
587	318
587	33
587	22
587	21
587	45
588	468
588	1624
588	11
588	4
588	14
588	12
588	13
588	21
588	22
588	20
589	428
589	418
589	299
589	91
589	142
589	33
589	55
589	12
589	13
589	7
589	499
589	104
590	13
590	12
590	11
590	14
590	7
590	91
590	55
590	116
590	10
590	33
590	4
590	142
591	59
591	437
591	46
591	247
591	13
591	12
591	91
591	4
591	14
592	300
592	254
592	25
592	47
592	54
592	10
592	12
592	113
592	55
592	4
592	14
592	20
592	22
593	428
593	418
593	11
593	55
593	247
593	12
593	13
593	10
593	91
593	33
593	390
593	22
593	4
593	102
594	1741
594	145
594	43
594	91
594	219
594	280
594	17
594	4
594	12
594	14
595	1741
595	145
595	43
595	91
595	219
595	280
595	17
595	4
595	12
595	14
596	1033
596	1742
596	4
596	14
596	113
596	10
596	56
596	1743
596	322
596	245
597	18
597	2
597	33
597	10
597	12
597	13
597	4
597	247
597	390
597	22
598	18
598	53
598	86
598	148
598	12
598	13
598	33
598	142
599	18
599	156
599	247
599	12
599	13
599	116
599	33
600	18
600	38
600	54
600	11
600	10
600	12
600	13
600	91
600	4
600	102
600	14
600	22
600	390
601	2
601	1744
601	723
601	10
601	13
601	11
601	91
601	33
601	4
602	15
602	1745
602	12
602	13
602	11
602	91
603	26
603	445
603	241
603	302
603	1347
603	54
603	22
603	44
603	94
603	14
603	33
603	12
603	7
603	13
603	11
604	186
604	16
604	47
604	19
604	4
604	14
604	113
604	12
604	13
605	1667
605	4
605	14
605	12
605	13
605	1668
605	280
605	238
605	21
605	523
605	7