0	19
0	91
0	281
1	266
1	17
1	43
1	25
1	12
1	13
1	45
2	379
2	16
2	44
2	264
2	17
2	4
2	14
2	11
2	12
2	21
2	20
2	19
2	451
2	163
2	583
2	28
2	13
3	1398
3	18
3	442
3	4
3	14
3	241
3	22
3	12
3	13
3	116
3	33
3	45
3	11
3	383
3	238
4	557
4	2
4	437
4	81
4	26
4	174
4	17
4	36
4	19
4	4
4	14
4	22
4	12
4	13
4	11
4	45
5	15
5	18
5	25
5	190
5	102
5	12
5	91
5	33
5	106
6	46
6	44
6	547
6	17
6	36
6	12
6	13
6	22
6	21
6	649
6	116
7	46
7	847
7	42
7	508
7	36
7	4
7	14
7	55
7	12
7	13
7	11
7	116
7	21
7	45
8	15
8	195
8	602
8	153
8	12
8	22
8	45
8	649
8	19
9	44
9	25
9	153
9	1158
9	17
9	36
9	21
9	649
9	12
9	13
9	22
10	1398
10	18
10	442
10	361
10	4
10	14
10	45
10	12
10	11
10	13
10	22
11	40
11	266
11	12
11	20
11	13
11	4
11	28
11	14
12	15
12	46
12	829
12	36
12	12
12	22
12	45
13	332
13	2
13	254
13	46
13	4
13	14
13	10
13	113
13	12
13	13
13	142
13	20
14	379
14	43
14	46
14	437
14	245
14	17
14	4
14	36
14	12
14	13
14	10
14	33
15	432
15	46
15	437
15	25
15	44
15	17
15	157
15	4
15	14
15	113
15	13
15	22
15	28
15	7
16	15
16	153
16	707
16	36
16	12
16	21
16	45
17	398
17	576
17	523
17	19
17	11
17	91
17	33
17	21
18	557
18	103
18	19
18	4
18	14
18	5
18	378
18	241
18	12
18	13
18	11
18	45
18	91
18	649
19	646
19	19
19	12
19	11
20	508
20	42
20	36
20	4
20	14
20	55
20	12
20	13
20	116
20	11
20	21
20	45
21	1746
21	1498
21	163
21	37
21	10
21	12
21	33
21	22
21	14
21	11
21	509
21	21
22	46
22	437
22	1398
22	26
22	153
22	36
22	43
22	2
22	17
22	219
22	12
22	13
22	22
22	45
22	116
22	21
23	46
23	16
23	19
23	45
23	22
23	12
23	13
23	11
23	4
23	14
23	1525
23	4
24	15
24	46
24	2
24	649
24	318
24	91
24	12
24	13
24	22
24	1525
24	4
25	46
25	847
25	42
25	1747
25	36
25	4
25	14
25	12
25	13
25	21
25	142
25	22
25	33
25	11
26	49
26	46
26	25
26	174
26	17
26	707
26	10
26	91
26	13
26	22
27	46
27	1398
27	44
27	94
27	144
27	10
27	12
27	13
27	22
27	91
27	45
27	11
27	1525
27	4
28	742
28	70
28	207
28	204
28	4
28	14
28	106
28	12
29	1748
29	1749
29	14
29	12
29	91
29	281
29	212
29	1285
29	128
29	22
30	1750
30	17
30	254
30	1751
30	382
30	245
30	13
30	280
30	22
30	28
30	12
31	156
31	42
31	116
31	10
31	33
31	91
31	237
31	4
31	14
31	102
31	11
32	1141
32	4
32	14
32	102
32	36
32	101
32	353
32	237
32	91
32	325
32	106
33	42
33	125
33	1752
33	25
33	12
33	13
33	11
33	324
33	22
33	19
33	14
33	45
33	128
33	4
33	104
33	1525
33	4
34	1744
34	101
34	36
34	331
34	4
34	12
34	116
34	13
34	33
34	91
35	54
35	18
35	968
35	25
35	12
35	13
35	11
35	21
35	22
35	281
36	40
36	181
36	19
36	27
36	54
36	241
36	383
36	91
36	33
36	21
36	55
36	7
37	431
37	173
37	25
37	44
37	4
37	14
37	11
37	889
37	45
37	12
37	91
37	1328
37	209
37	116
37	649
38	43
38	129
38	277
38	55
38	91
38	12
38	10
38	4
38	14
38	11
38	33
39	19
39	10
39	12
39	13
39	33
39	91
39	55
39	129
39	131
39	757
40	706
40	10
40	12
40	55
40	129
40	833
40	623
40	131
40	277
40	4
40	91
40	33
41	72
41	10
41	12
41	55
41	129
41	131
41	277
41	833
41	91
41	33
42	547
42	254
42	25
42	47
42	19
42	22
42	241
42	12
42	13
42	113
42	55
42	20
42	4
42	14
43	145
43	207
43	129
43	4
43	14
43	10
43	11
43	91
43	13
43	390
44	186
44	207
44	438
44	254
44	17
44	47
44	11
44	12
44	91
44	13
44	4
44	14
45	1243
45	182
45	36
45	101
45	102
45	4
45	116
45	10
45	13
45	12
45	33
46	53
46	17
46	43
46	2
46	19
46	148
46	25
46	10
46	13
46	33
46	12
46	7
46	116
47	575
47	125
47	125
47	174
47	264
47	12
47	11
47	13
47	19
47	22
47	45
47	128
48	40
48	93
48	19
48	43
48	46
48	437
48	17
48	264
48	357
48	157
48	773
48	44
48	12
48	13
48	280
48	10
48	245
49	1753
49	19
49	241
49	33
49	10
49	4
49	36
49	14
49	113
49	116
49	12
49	20
49	13
49	7
50	186
50	438
50	25
50	44
50	20
50	12
50	13
50	116
50	11
50	55
50	4
50	14
51	93
51	36
51	4
51	7
51	19
51	22
51	12
51	13
51	11
51	650
51	324
51	14
51	102
51	33
51	128
52	49
52	19
52	10
52	56
52	55
52	4
52	14
52	12
52	13
52	113
52	22
52	390
53	398
53	95
53	264
53	1208
53	36
53	1754
53	280
53	12
53	13
53	401
53	4
53	427
54	16
54	379
54	46
54	15
54	956
54	59
54	1475
54	17
54	81
54	1755
54	280
54	163
54	12
54	14
54	13
54	570
54	20
55	146
55	54
55	22
55	11
55	10
55	91
55	12
55	13
55	4
55	14
55	390
56	498
56	147
56	958
56	445
56	1272
56	1333
56	205
56	1756
56	91
56	448
56	20
57	53
57	54
57	44
57	25
57	17
57	357
57	443
57	303
57	26
57	12
57	11
57	37
57	33
57	509
58	32
58	16
58	46
58	1475
58	17
58	44
58	25
58	19
58	12
58	13
58	113
58	14
58	33
58	55
58	390
58	22
59	40
59	43
59	2
59	46
59	219
59	25
59	17
59	437
59	264
59	157
59	44
59	10
59	11
59	19
59	4
59	14
59	33
59	1525
59	4
60	1398
60	101
60	4
60	14
60	102
60	649
60	116
60	10
60	142
60	12
60	13
60	11
60	91
60	22
60	45
60	499
61	15
61	101
61	4
61	14
61	102
61	10
61	12
61	13
61	91
61	11
61	22
61	142
61	116
61	1525
61	4
62	46
62	222
62	36
62	4
62	14
62	102
62	499
62	10
62	116
62	12
62	13
62	91
62	22
62	142
62	45
63	284
63	222
63	174
63	101
63	36
63	256
63	4
63	102
63	14
63	746
63	142
63	241
63	318
63	12
63	11
63	13
63	116
63	91
63	45
64	186
64	1118
64	2
64	25
64	174
64	36
64	663
64	4
64	14
64	11
64	19
64	102
64	55
64	12
64	13
64	91
64	116
64	142
64	21
65	722
65	17
65	25
65	148
65	174
65	222
65	36
65	4
65	55
65	12
65	10
65	13
65	91
65	116
65	142
65	14
65	102
65	21
66	50
66	79
66	12
66	10
66	13
66	14
66	33
66	45
66	4
67	4
67	14
67	102
67	36
67	104
67	182
67	55
67	9
68	25
68	381
68	1641
68	1757
68	48
68	10
68	4
68	14
68	113
68	13
68	12
68	22
68	55
68	20
69	42
69	115
69	125
69	33
69	10
69	11
69	12
69	91
69	13
69	4
69	14
70	16
70	847
70	18
70	190
70	12
70	33
70	91
70	101
70	102
71	1400
71	115
71	4
71	102
71	14
71	10
71	11
71	12
71	91
71	13
72	1400
72	102
72	101
72	10
72	353
72	106
72	91
72	757
73	379
73	43
73	44
73	4
73	14
73	12
73	10
73	280
73	22
73	55
73	245
73	91
74	409
74	264
74	44
74	17
74	12
74	13
74	280
74	4
74	55
74	22
75	46
75	16
75	19
75	45
75	14
75	13
75	21
75	11
75	22
75	91
75	329
75	1525
75	4
76	1758
76	25
76	17
76	44
76	20
76	523
76	12
76	22
76	13
76	401
76	21
77	62
77	55
77	129
77	277
77	36
77	347
77	1024
77	890
77	4
77	12
77	133
77	1759
77	1760
77	10
77	401
78	15
78	78
78	79
78	17
78	46
78	156
78	1761
78	25
78	266
78	44
78	43
78	4
78	14
78	91
78	113
78	21
78	128
79	2
79	583
79	11
79	877
79	12
79	13
79	91
79	4
79	14
79	33
79	19
79	22
79	128
80	40
80	2
80	22
80	148
80	254
80	144
80	153
80	928
80	10
80	116
80	12
80	33
80	102
80	14
80	7
80	4
81	1398
81	264
81	44
81	1762
81	12
81	13
81	21
81	11
81	116
81	22
81	45
81	128
82	15
82	264
82	44
82	12
82	13
82	11
82	427
82	22
82	128
82	116
82	1525
82	4
83	520
83	36
83	12
83	13
83	21
83	33
84	1763
84	18
84	190
84	12
84	91
84	320
85	2
85	174
85	44
85	25
85	19
85	36
85	4
85	14
85	11
85	12
85	13
85	21
85	22
85	33
86	207
86	46
86	77
86	578
86	43
86	36
86	4
86	14
86	12
86	11
86	13
86	129
86	55
86	21
87	62
87	206
87	54
87	207
87	36
87	4
87	14
87	45
87	11
87	12
87	13
87	21
87	33
88	117
88	19
88	32
88	10
88	21
88	12
88	11
88	13
88	14
88	4
88	116
88	247
88	55
88	33
88	20
89	829
89	959
89	1764
89	19
89	4
89	14
89	13
89	12
89	22
89	33
89	45
89	11
90	807
90	101
90	12
90	13
90	91
90	55
90	45
90	10
91	1398
91	101
91	10
91	12
91	13
91	116
91	33
91	91
92	1765
92	19
92	4
92	79
92	22
92	383
92	5
93	1398
93	42
93	22
93	103
93	4
93	113
93	12
93	13
93	20
94	1398
94	621
94	44
94	25
94	4
94	14
94	102
94	5
94	12
94	13
94	91
94	11
94	45
95	284
95	621
95	203
95	12
95	13
95	11
95	318
95	22
95	45
95	4
95	14
96	829
96	203
96	621
96	4
96	14
96	19
96	22
96	12
96	13
96	11
96	45
97	1398
97	468
97	645
97	4
97	14
97	45
97	12
97	13
97	11
97	21
97	22
98	156
98	17
98	36
98	4
98	14
98	12
98	113
98	13
99	437
99	1766
99	1767
99	12
99	91
99	37
99	14
100	437
100	357
100	464
100	12
100	91
100	37
100	14
101	437
101	1766
101	1767
101	12
101	91
101	37
101	14
102	398
102	46
102	16
102	19
102	45
102	10
102	12
102	13
102	649
102	91
102	11
102	22
102	1525
102	4
103	16
103	398
103	1747
103	400
103	134
103	4
103	14
103	45
103	12
103	13
103	116
103	91
103	19
103	11
103	329
104	1208
104	16
104	1294
104	11
104	523
104	33
104	12
104	13
104	1301
105	571
105	102
105	14
105	4
105	7
105	12
105	13
105	21
105	245
105	238
106	1768
106	26
106	157
106	17
106	12
106	280
106	19
106	22
106	20
106	401
106	245
106	4
106	14
107	271
107	26
107	10
107	12
107	13
107	22
107	55
107	33
108	26
108	788
108	40
108	357
108	4
108	14
108	12
108	37
108	21
109	26
109	788
109	40
109	148
109	12
109	37
109	4
109	14
109	21
110	43
110	2
110	437
110	46
110	219
110	44
110	25
110	4
110	14
110	11
110	12
110	13
111	1141
111	106
111	101
111	14
111	1769
111	36
112	146
112	12
112	10
112	1770
112	687
113	588
113	144
113	160
113	278
113	32
113	54
113	36
113	12
113	91
113	33
113	22
114	219
114	1771
114	102
114	19
114	22
114	12
114	11
115	206
115	1020
115	4
115	14
115	11
115	13
115	45
116	1036
116	150
116	315
116	101
116	4
116	14
116	45
116	11
116	91
116	13
116	33
116	12
116	55
117	40
117	146
117	1036
117	280
117	13
117	12
117	21
118	46
118	580
118	10
118	12
118	13
118	22
118	11
118	45
118	91
118	1525
118	4
119	557
119	263
119	4
119	14
119	11
119	12
119	10
119	13
119	91
119	45
119	241
119	22
119	649
120	398
120	36
120	263
120	12
120	10
120	11
120	649
120	91
120	13
120	22
120	45
120	4
120	14
121	123
121	264
121	44
121	19
121	4
121	14
121	10
121	280
121	12
121	55
121	13
121	22
121	7
122	1772
122	123
122	1754
122	264
122	17
122	570
122	12
122	280
122	4
122	21
122	22
122	401
122	245
122	28
123	145
123	2
123	7
123	12
123	13
123	4
123	14
123	55
123	129
123	11
123	33
123	22
123	91
124	437
124	106
124	1773
124	206
124	149
124	457
124	70
124	1774
124	12
124	60
124	33
125	190
125	1141
125	158
125	841
125	102
125	101
125	12
125	33
125	1775
125	105
126	292
126	256
126	19
126	102
126	12
126	821
127	2
127	428
127	292
127	54
127	1776
127	12
127	37
127	10
127	91
127	11
127	116
127	33
127	22
127	4
127	14
128	547
128	144
128	1335
128	422
128	4
128	14
128	45
128	10
128	12
128	13
129	379
129	15
129	530
129	25
129	43
129	51
129	166
129	963
129	956
129	59
129	219
129	81
129	4
129	14
129	55
129	12
129	649
129	949
130	173
130	313
130	60
130	14
130	4
130	10
131	468
131	2
131	16
131	271
131	19
131	4
131	14
131	10
131	12
131	13
131	113
131	22
131	33
131	7
132	173
132	49
132	144
132	412
132	707
132	968
132	663
132	91
132	10
132	12
132	14
132	4
132	889
132	45
133	256
133	151
133	4
133	270
133	18
133	5
133	13
133	33
133	91
134	51
134	46
134	205
134	707
134	153
134	649
134	10
134	91
134	12
134	13
134	22
134	1525
134	4
135	117
135	40
135	104
135	10
135	11
135	12
135	13
135	4
135	14
135	102
135	22
135	20
136	763
136	53
136	102
136	14
136	12
136	13
136	116
136	33
137	1777
137	285
137	43
137	4
137	14
137	11
137	567
137	10
137	91
137	12
137	13
137	22
138	398
138	266
138	36
138	45
138	4
138	14
138	12
138	21
138	33
139	46
139	51
139	45
139	373
139	14
139	10
139	11
139	12
139	91
139	13
139	56
139	22
139	163
139	4
139	14
139	33
140	46
140	968
140	707
140	153
140	10
140	12
140	13
140	91
140	45
140	1525
140	4
141	1778
141	610
141	17
141	264
141	12
141	427
141	245
141	254
141	1537
141	280
141	1525
141	4
142	15
142	36
142	21
142	12
142	13
142	4
142	14
143	431
143	763
143	116
143	12
143	4
143	36
143	13
143	14
143	20
143	33
144	186
144	44
144	25
144	17
144	241
144	4
144	14
144	55
144	12
144	113
144	28
144	20
145	16
145	17
145	1779
145	264
145	254
145	174
145	19
145	610
145	245
145	22
145	12
145	280
145	13
145	427
145	1525
145	4
146	266
146	178
146	28
146	11
146	13
146	12
146	22
146	163
146	4
146	14
146	33
147	321
147	44
147	264
147	17
147	1370
147	20
147	4
147	14
147	610
147	55
147	280
147	28
148	1780
148	102
148	316
148	21
148	91
148	1781
149	571
149	93
149	32
149	36
149	1782
149	12
149	13
149	4
149	14
149	33
150	398
150	10
150	11
150	13
150	91
150	4
150	14
150	329
150	649
151	763
151	40
151	1200
151	663
151	19
151	12
151	21
151	14
151	33
151	7
152	206
152	204
152	14
152	45
152	12
152	13
153	554
153	14
153	4
153	45
153	12
153	13
154	43
154	2
154	181
154	134
154	19
154	17
154	174
154	639
154	427
154	22
154	4
154	45
154	12
154	13
154	21
154	649
154	329
154	11
155	557
155	14
155	116
155	33
156	398
156	4
156	14
156	55
156	12
156	116
156	33
157	520
157	36
157	14
157	10
157	116
157	12
157	13
157	55
157	45
158	1783
158	14
158	116
158	12
158	13
158	33
159	1398
159	36
159	14
159	116
159	12
159	13
159	33
160	1784
160	43
160	36
160	1785
160	12
160	11
160	21
160	37
160	287
160	10
160	4
160	427
160	128
160	509
161	334
161	43
161	36
161	1786
161	12
161	10
161	37
161	4
161	11
161	22
161	21
161	427
161	128
161	19
162	1398
162	134
162	44
162	26
162	144
162	1158
162	19
162	639
162	427
162	116
162	45
162	12
162	13
162	22
163	1787
163	14
163	116
163	10
163	33
163	12
163	13
164	1398
164	14
164	116
164	33
165	557
165	4
165	14
165	241
165	318
165	45
165	12
165	13
165	22
165	649
166	222
166	19
166	18
166	241
166	378
166	11
166	639
166	427
166	21
166	12
166	13
166	390
167	46
167	59
167	1788
167	43
167	1789
167	1646
167	254
167	1790
167	1791
167	1792
167	266
167	400
167	12
167	280
167	163
168	1793
168	13
168	5
168	4
168	36
168	11
168	10
168	14
168	116
168	12
168	55
168	33
169	409
169	2
169	12
169	10
169	14
169	102
169	36
169	4
169	20
170	266
170	25
170	437
170	43
170	530
170	17
170	19
170	12
170	13
170	33
170	21
170	20
170	22
171	1028
171	515
171	9
171	1794
171	55
171	275
171	91
171	419
171	1795
171	983
172	173
172	155
172	937
172	4
172	14
172	55
172	13
172	33
172	12
172	91
172	116
173	314
173	4
173	10
173	12
173	13
173	116
173	55
173	45
174	2
174	19
174	12
174	10
174	4
174	14
174	129
174	22
174	263
174	91
174	320
175	938
175	101
175	4
175	14
175	11
175	10
175	12
175	13
175	91
175	22
175	20
176	123
176	1750
176	357
176	19
176	33
176	4
176	14
176	11
176	324
176	12
176	13
176	10
176	36
176	163
177	530
177	366
177	884
177	33
177	11
177	14
177	60
177	12
177	55
177	129
177	13
178	1796
178	95
178	14
178	1797
178	1042
178	116
178	91
179	46
179	357
179	19
179	4
179	13
179	21
179	245
179	16
179	1798
179	36
179	10
179	22
179	401
179	12
180	43
180	129
180	4
180	14
180	85
180	12
180	10
180	102
180	121
180	238
180	142
181	222
181	12
181	499
181	112
181	268
181	91
181	13
181	4
181	14
182	123
182	36
182	1799
182	1750
182	266
182	19
182	12
182	4
182	14
182	13
182	116
182	401
183	1800
183	12
183	13
183	268
183	112
183	91
184	688
184	19
184	661
184	357
184	523
184	10
184	11
184	55
184	4
184	14
184	33
184	36
185	32
185	206
185	62
185	36
185	4
185	45
185	11
185	12
185	13
185	21
185	55
186	350
186	206
186	4
186	14
186	45
186	12
186	13
186	11
187	398
187	206
187	4
187	14
187	45
187	12
187	13
188	437
188	206
188	4
188	14
188	22
188	19
188	45
188	12
188	11
188	13
189	1400
189	206
189	36
189	4
189	14
189	45
189	11
189	12
189	13
189	649
190	1398
190	206
190	4
190	14
190	45
190	649
190	12
190	13
190	11
191	1398
191	206
191	4
191	14
191	45
191	11
191	12
191	13
192	206
192	442
192	203
192	4
192	14
192	45
192	12
192	13
192	22
193	15
193	1801
193	12
193	13
193	22
193	45
194	303
194	439
194	577
194	174
194	621
194	968
194	707
194	25
194	203
194	598
194	12
194	13
194	45
194	4
194	102
195	43
195	252
195	7
195	4
195	14
195	55
195	11
195	5
196	1802
196	157
196	12
196	21
196	37
196	128
196	22
196	33
196	509
196	14
196	4
197	1516
197	9
197	36
197	4
197	14
197	102
197	12
197	37
197	91
197	116
197	318
197	33
197	129
198	40
198	36
198	12
198	116
198	37
198	4
198	14
198	102
198	129
198	318
198	33
198	91
198	125
199	145
199	141
199	22
199	4
199	14
199	10
199	55
199	129
199	28
199	12
199	11
199	91
199	7
200	533
200	19
200	4
200	14
200	10
200	12
200	113
200	22
200	20
201	148
201	315
201	4
201	102
201	14
201	45
201	13
201	91
202	911
202	877
202	10
202	4
202	14
202	19
202	22
202	12
202	11
202	583
202	55
203	2
203	174
203	19
203	771
203	187
203	24
203	4
203	14
203	247
203	268
203	13
203	12
203	5
203	21
204	1342
204	12
204	10
204	4
204	14
204	102
204	11
204	91
205	933
205	25
205	44
205	2
205	17
205	12
205	4
205	14
205	113
205	13
205	20
206	117
206	3
206	254
206	19
206	25
206	17
206	4
206	14
206	91
206	12
206	10
206	113
206	13
206	28
207	219
207	1294
207	245
207	575
207	44
207	53
207	19
207	17
207	16
207	25
207	12
207	13
207	11
207	33
207	22
208	24
208	437
208	17
208	839
208	219
208	1167
208	21
208	12
208	13
208	1803
208	91
208	22
208	20
209	1804
209	1360
209	14
209	12
209	85
210	125
210	12
210	280
210	13
210	19
210	1805
210	91
210	10
210	37
210	33
210	11
210	4
210	14
210	509
211	125
211	206
211	12
211	280
211	13
211	19
211	22
211	91
211	10
211	37
211	33
211	11
211	4
211	14
211	509
212	16
212	125
212	125
212	34
212	12
212	37
212	14
212	11
212	22
212	4
212	91
213	428
213	437
213	2
213	19
213	4
213	14
213	11
213	12
213	13
213	91
213	21
213	22
213	45
213	5
214	43
214	7
214	12
214	10
214	14
214	26
214	928
214	347
214	890
214	888
215	156
215	256
215	18
215	190
215	237
215	353
215	905
215	91
215	319
215	121
215	33
215	101
215	102
215	14
215	36
216	190
216	1806
216	264
216	14
216	4
216	7
216	12
216	13
216	191
216	245
217	1398
217	15
217	44
217	144
217	707
217	94
217	12
217	13
217	318
217	22
217	45
217	4
217	14
218	15
218	17
218	264
218	255
218	1807
218	685
218	523
218	19
218	55
218	4
218	14
218	21
219	440
219	583
219	4
219	14
219	11
219	10
219	12
219	128
219	91
219	13
219	22
219	33
220	46
220	49
220	196
220	4
220	91
220	14
220	22
220	13
220	113
220	20
220	10
221	46
221	1594
221	28
221	10
221	55
221	12
221	13
221	11
221	22
221	163
221	4
221	14
221	33
222	386
222	36
222	12
222	55
222	13
222	20
222	4
222	11
222	14
222	22
223	602
223	17
223	44
223	20
223	12
223	11
223	55
223	13
223	4
223	14
223	22
224	46
224	437
224	2
224	1144
224	4
224	14
224	12
224	113
224	13
224	22
224	28
224	33
225	2
225	266
225	20
225	12
225	11
225	55
225	33
225	22
225	13
225	4
225	14
226	266
226	2
226	438
226	148
226	19
226	45
226	4
226	14
226	12
226	13
226	21
226	22
226	10
227	332
227	153
227	12
227	13
227	4
227	14
227	55
227	172
227	22
227	20
228	15
228	24
228	153
228	146
228	2
228	12
228	21
228	22
229	155
229	11
229	55
229	12
229	13
229	22
229	4
229	14
229	20
230	379
230	43
230	17
230	19
230	178
230	639
230	427
230	22
230	12
230	13
230	649
230	45
231	398
231	43
231	2
231	1208
231	17
231	19
231	924
231	1144
231	4
231	14
231	11
231	75
231	12
231	13
231	21
231	22
231	45
232	284
232	153
232	12
232	11
232	13
232	91
232	22
232	427
232	128
232	1525
232	4
233	46
233	216
233	1808
233	1294
233	280
233	12
233	13
233	22
233	4
233	14
234	46
234	16
234	2
234	174
234	4
234	14
234	19
234	91
234	11
234	12
234	13
234	21
234	22
234	45
234	1525
234	4
235	43
235	303
235	157
235	10
235	91
235	55
235	4
235	14
235	22
235	12
235	7
235	1525
235	4
236	114
236	437
236	438
236	19
236	12
236	113
236	13
236	4
236	14
236	28
236	22
236	20
237	15
237	24
237	17
237	264
237	44
237	157
237	7
237	4
237	14
237	102
237	245
237	22
237	13
237	28
238	15
238	79
238	621
238	36
238	12
238	13
238	22
238	45
239	15
239	437
239	2
239	19
239	22
239	12
239	4
239	14
239	21
239	13
240	15
240	153
240	146
240	2
240	12
240	13
240	22
240	45
241	173
241	10
241	11
241	55
241	599
241	4
241	14
241	22
241	13
241	91
241	390
242	93
242	157
242	12
242	280
242	19
242	22
242	10
242	116
242	245
242	91
242	4
242	14
242	55
242	401
243	431
243	19
243	22
243	91
243	10
243	116
243	4
243	14
243	20
244	16
244	1809
244	1810
244	2
244	44
244	125
244	125
244	19
244	576
244	45
244	11
244	14
244	4
244	13
244	12
244	22
244	163
245	117
245	292
245	508
245	266
245	4
245	12
245	13
245	116
245	142
246	93
246	53
246	12
246	13
246	55
247	206
247	1502
247	91
247	7
248	139
248	125
248	101
248	241
248	91
248	1361
248	22
248	168
248	20
248	7
249	1811
249	448
249	401
249	91
249	7
250	1348
250	22
250	20
250	91
250	7
251	139
251	91
251	167
251	33
252	409
252	167
252	19
252	13
252	12
252	91
252	324
252	11
252	36
252	55
252	163
252	4
252	14
252	33
253	955
253	19
253	241
253	2
253	11
253	20
253	4
253	12
253	36
253	14
253	13
253	33
253	427
253	639
253	55
254	2
254	148
254	1750
254	266
254	19
254	36
254	4
254	14
254	21
254	12
254	116
254	33
255	152
255	91
255	45
256	1092
256	437
256	500
256	1812
256	93
256	10
256	4
256	14
256	1813
256	12
256	13
256	11
256	22
257	16
257	254
257	25
257	17
257	937
257	22
257	7
257	13
257	113
257	33
257	12
257	1525
257	4
258	578
258	4
258	14
258	502
258	583
258	36
259	1814
259	742
259	153
259	25
259	44
259	10
259	116
259	12
259	91
259	21
259	4
259	14
259	102
259	22
260	46
260	437
260	707
260	621
260	4
260	14
260	45
260	19
260	22
260	11
260	12
260	13
260	21
260	91
261	1815
261	437
261	54
261	36
261	1816
261	157
261	1817
261	4
261	14
261	12
261	19
261	401
261	22
261	7
261	302
261	237
261	91
261	116
261	280
262	852
262	968
262	441
262	1818
262	264
262	1819
262	190
262	1208
262	281
262	1267
262	1820
262	21
262	238
262	14
262	12
262	91
262	318
262	280
263	205
263	213
263	1821
263	5
263	91
263	45
264	1822
264	47
264	437
264	17
264	78
264	36
264	12
264	91
264	21
264	397
264	33
264	22
265	134
265	36
265	187
265	14
265	4
265	12
265	33
265	21
266	398
266	48
266	101
266	25
266	241
266	1208
266	22
266	36
266	4
266	33
266	14
266	113
266	91
266	639
266	427
266	12
266	13
266	7
266	28
267	725
267	1823
267	1158
267	22
267	1824
267	280
267	12
267	13
267	21
267	238
267	523
267	45
268	398
268	621
268	515
268	203
268	4
268	14
268	12
268	13
268	91
268	22
268	33
268	45
269	398
269	40
269	663
269	4
269	14
269	45
269	22
269	12
269	13
269	33
270	1825
270	663
270	1411
270	19
270	1826
270	4
270	14
270	45
270	13
270	21
270	33
271	398
271	181
271	19
271	178
271	22
271	45
271	14
271	4
271	91
271	10
271	33
272	222
272	890
272	622
272	12
272	33
273	19
273	18
273	4
273	55
273	11
273	12
273	390
273	13
274	144
274	54
274	1298
274	36
274	1827
274	12
274	238
274	320
274	5
274	91
274	85
275	398
275	675
275	144
275	45
275	12
275	13
275	11
275	4
275	649
276	72
276	18
276	4
276	10
276	12
276	13
276	11
276	209
276	33
276	55
276	14
276	102
276	45
277	439
277	25
277	28
277	12
277	13
277	91
277	22
277	56
277	163
277	11
277	4
277	14
277	33
278	40
278	807
278	10
278	12
278	13
278	91
278	55
278	45
278	142
279	43
279	440
279	22
279	14
279	11
279	91
279	10
279	12
279	7
279	4
279	55
279	13
280	273
280	125
280	12
280	91
280	1828
281	437
281	2
281	19
281	174
281	22
281	378
281	12
281	13
281	91
281	45
281	639
281	427
281	55
281	21
282	79
282	14
282	246
282	898
282	1042
282	116
282	91
283	467
283	19
283	181
283	174
283	17
283	13
283	12
283	113
283	14
283	4
283	33
283	20
283	22
284	440
284	25
284	44
284	318
284	4
284	14
284	11
284	37
284	12
284	91
284	509
285	2
285	303
285	19
285	45
285	241
285	12
285	13
285	11
285	383
286	1398
286	598
286	45
286	4
286	14
286	12
286	13
286	11
286	22
287	557
287	598
287	14
287	4
287	12
287	13
287	45
287	318
287	22
288	206
288	1647
288	598
288	4
288	14
288	91
288	45
288	55
289	321
289	1829
289	12
289	11
289	287
289	383
289	1830
290	398
290	134
290	437
290	19
290	22
290	142
290	12
290	4
290	91
290	20
290	33
290	13
290	113
290	1525
290	4
291	1184
291	1586
291	102
291	101
291	10
291	91
291	33
291	85
292	155
292	36
292	12
292	13
292	4
292	14
292	55
292	45
293	767
293	36
293	315
293	102
293	55
293	45
293	12
293	13
293	91
294	271
294	1158
294	649
294	12
294	13
294	21
294	22
295	578
295	4
295	7
295	91
295	14
295	10
295	4
295	55
295	116
295	11
295	33
296	520
296	44
296	101
296	22
296	25
296	45
296	13
296	33
296	102
296	4
296	11
296	12
297	829
297	36
297	4
297	14
297	102
297	91
297	45
297	383
297	13
297	11
298	1825
298	101
298	4
298	14
298	12
298	45
298	649
299	1831
299	256
299	464
299	14
299	12
299	37
299	22
299	12
299	101
300	46
300	222
300	44
300	36
300	4
300	14
300	102
300	55
300	142
300	353
300	13
300	91
301	557
301	180
301	19
301	36
301	4
301	14
301	178
301	22
301	12
301	11
301	13
301	45
301	33
301	241
302	1398
302	180
302	17
302	178
302	19
302	22
302	639
302	427
302	12
302	13
302	45
303	180
303	571
303	12
303	13
303	19
303	11
303	22
303	45
304	40
304	474
304	12
304	13
304	33
305	437
305	410
305	18
305	54
305	1832
305	144
305	4
305	12
305	11
305	743
305	22
306	84
306	13
306	12
306	242
306	238
306	21
306	14
306	4
307	51
307	4
307	14
307	55
307	12
307	13
307	102
307	10
307	116
308	49
308	184
308	14
308	11
308	102
308	12
308	33
308	13
308	116
308	4
308	770
309	49
309	4
309	14
309	55
309	12
309	13
310	1833
310	94
310	25
310	437
310	410
310	44
310	54
310	1530
310	12
310	37
310	21
310	11
310	33
310	22
311	437
311	19
311	523
311	4
311	14
311	11
311	33
311	12
311	13
312	19
312	219
312	148
312	25
312	44
312	2
312	4
312	14
312	10
312	12
312	113
312	13
312	33
312	7
313	2
313	18
313	19
313	12
313	13
313	4
313	14
313	55
314	42
314	2
314	144
314	19
314	47
314	36
314	4
314	14
314	11
314	12
314	13
314	21
314	116
314	33
314	22
315	398
315	2
315	153
315	144
315	36
315	4
315	14
315	11
315	19
315	22
315	12
315	13
315	21
315	116
315	33
316	1398
316	16
316	438
316	707
316	153
316	144
316	19
316	4
316	14
316	11
316	12
316	13
316	33
316	21
317	2
317	36
317	153
317	144
317	19
317	639
317	427
317	22
317	10
317	12
317	13
317	21
317	33
318	15
318	186
318	2
318	174
318	36
318	4
318	14
318	11
318	55
318	19
318	12
318	13
318	21
318	33
319	706
319	2
319	153
319	144
319	19
319	4
319	14
319	11
319	22
319	12
319	13
319	21
319	33
320	2
320	36
320	144
320	707
320	19
320	178
320	4
320	14
320	11
320	22
320	33
320	12
320	13
320	21
321	16
321	438
321	153
321	144
321	19
321	4
321	14
321	11
321	22
321	12
321	13
321	21
321	33
322	1398
322	707
322	153
322	12
322	13
322	33
323	437
323	2
323	174
323	1104
323	1018
323	36
323	1478
323	167
323	12
323	91
323	21
324	1834
324	28
324	12
324	13
324	1835
324	11
324	4
324	14
324	55
324	163
325	155
325	611
325	38
325	384
325	1349
325	1170
325	254
325	26
325	357
325	373
325	33
325	12
325	13
325	11
325	4
325	14
325	36
325	102
325	10
325	324
325	129
325	21
325	610
326	1229
326	1836
326	1837
326	4
326	14
326	11
326	37
326	12
326	91
326	5
326	10
327	300
327	101
327	153
327	1328
327	13
327	22
327	113
327	7
327	33
328	1398
328	649
328	4
328	101
328	12
328	10
328	13
328	91
328	1328
329	1398
329	7
329	102
329	318
329	4
329	10
329	14
329	116
329	36
329	12
329	13
330	43
330	36
330	10
330	280
330	14
330	13
330	401
330	7
330	427
331	1838
331	266
331	4
331	14
331	55
331	313
332	968
332	1839
332	24
332	4
332	14
332	318
332	12
332	91
332	21
332	10
332	22
332	33
333	721
333	34
333	10
333	4
333	14
333	11
333	91
334	398
334	116
334	13
334	4
334	14
334	11
334	91
334	128
335	575
335	13
335	12
335	91
335	116
335	11
335	4
335	14
335	128
335	7
336	1398
336	530
336	160
336	4
336	102
336	12
336	113
336	13
336	22
336	7
337	1787
337	1398
337	264
337	44
337	125
337	12
337	13
337	11
337	21
337	22
337	102
337	45
337	128
337	4
337	104
337	1525
337	4
338	44
338	707
338	621
338	18
338	4
338	14
338	45
338	12
338	13
338	11
338	22
338	33
338	649
339	763
339	254
339	22
339	47
339	20
339	102
339	12
339	4
339	113
339	33
340	533
340	1840
340	1596
340	4
340	14
340	116
340	11
340	21
340	91
340	12
340	10
341	533
341	18
341	34
341	12
341	10
341	4
341	14
341	11
341	324
341	21
341	91
342	1398
342	144
342	116
342	4
342	102
342	11
342	33
342	22
342	128
342	12
343	155
343	4
343	36
343	102
343	11
343	116
343	245
343	33
343	523
343	13
343	12
344	468
344	44
344	144
344	94
344	45
344	104
344	102
344	10
344	13
344	11
344	22
344	91
345	1398
345	44
345	26
345	4
345	14
345	45
345	12
345	13
345	11
345	22
346	93
346	1779
346	43
346	17
346	264
346	181
346	19
346	12
346	280
346	22
346	245
346	20
346	4
346	14
346	102
347	15
347	44
347	621
347	707
347	94
347	11
347	13
347	12
347	22
347	45
347	4
348	25
348	54
348	808
348	12
348	19
348	11
348	13
348	245
348	4
348	14
348	583
348	22
349	852
349	121
349	12
349	11
349	91
349	359
349	55
349	14
350	1841
350	266
350	12
350	13
350	4
350	14
350	28
350	20
351	40
351	418
351	357
351	807
351	36
351	37
351	12
351	33
351	142
351	4
351	14
351	128
352	1842
352	12
352	14
352	55
352	280
352	10
352	116
352	13
352	245
352	21
353	1842
353	12
353	14
353	55
353	280
353	10
354	46
354	15
354	101
354	621
354	707
354	144
354	4
354	12
354	13
354	91
354	1843
354	10
354	397
354	33
354	649
354	22
355	117
355	1844
355	101
355	4
355	14
355	102
355	103
355	12
355	142
355	34
356	15
356	146
356	2
356	318
356	12
356	91
356	4
356	14
356	22
356	33
357	145
357	22
357	4
357	14
357	10
357	11
357	129
357	277
357	833
357	12
357	13
357	91
357	33
357	639
357	427
357	7
358	547
358	1757
358	19
358	254
358	22
358	103
358	13
358	14
358	12
358	4
358	11
358	20
359	2
359	12
359	55
359	833
359	129
360	2
360	219
360	148
360	10
360	91
360	11
360	14
360	833
360	129
361	250
361	12
361	129
361	14
361	55
361	889
361	347
361	890
361	4
362	332
362	1641
362	254
362	2
362	4
362	14
362	10
362	113
362	12
362	13
362	22
362	33
362	20
363	15
363	153
363	707
363	43
363	222
363	17
363	578
363	219
363	36
363	12
363	22
363	45
364	1771
364	19
364	44
364	157
364	12
364	280
364	22
364	20
365	46
365	1672
365	2
365	186
365	174
365	19
365	36
365	4
365	4
365	14
365	11
365	55
365	22
365	33
365	12
365	13
365	116
365	21
366	46
366	437
366	59
366	42
366	16
366	155
366	220
366	44
366	25
366	707
366	94
366	621
366	103
366	4
366	45
366	19
366	22
366	10
366	12
366	13
366	21
366	11
366	91
366	14
367	46
367	49
367	10
367	12
367	22
367	4
367	14
367	889
367	91
368	49
368	46
368	22
368	4
368	12
368	13
368	113
368	10
368	91
368	14
368	129
368	55
368	7
369	46
369	437
369	508
369	36
369	4
369	14
369	45
369	12
369	13
369	11
369	21
369	55
369	19
369	22
370	46
370	222
370	722
370	412
370	101
370	36
370	17
370	12
370	10
370	13
370	91
370	142
370	22
370	45
370	4
370	14
370	102
370	11
371	46
371	4
371	1046
371	891
371	12
371	91
371	320
371	33
371	105
372	849
372	611
372	17
372	280
372	4
372	14
372	12
372	13
372	163
373	266
373	148
373	12
373	4
373	14
373	11
373	13
373	22
373	33
373	20
374	1819
374	357
374	14
374	128
374	12
374	11
375	148
375	25
375	508
375	36
375	4
375	14
375	55
375	33
375	12
375	21
375	45
376	1845
376	663
376	19
376	12
376	13
376	21
376	33
376	45
377	1846
377	847
377	91
377	33
377	12
377	106
378	437
378	1046
378	4
378	102
378	19
378	1847
378	21
378	91
378	12
378	33
378	105
378	167
379	1848
379	547
379	464
379	256
379	1530
379	12
379	37
379	11
379	22
379	14
380	520
380	40
380	266
380	663
380	19
380	4
380	14
380	45
380	12
380	13
380	21
380	33
381	40
381	437
381	46
381	156
381	1849
381	318
381	37
381	4
381	14
381	12
381	91
381	128
381	509
382	437
382	763
382	25
382	190
382	4
382	1180
382	14
382	12
382	106
382	33
382	128
383	81
383	763
383	1141
383	102
383	91
383	12
383	33
384	663
384	19
384	437
384	1580
384	156
384	13
384	12
384	167
384	105
384	14
384	102
384	116
384	10
384	418
384	101
384	4
385	19
385	46
385	148
385	44
385	438
385	157
385	12
385	113
385	13
385	22
385	55
385	20
386	920
386	44
386	144
386	36
386	4
386	14
386	12
386	113
386	33
387	117
387	9
387	12
387	106
387	91
387	509
388	16
388	19
388	46
388	773
388	59
388	221
388	787
388	1033
388	1850
388	379
388	17
388	254
388	264
388	12
388	13
388	22
388	245
388	280
389	46
389	15
389	153
389	36
389	12
389	45
389	21
390	1851
390	17
390	78
390	36
390	12
390	280
390	13
391	1452
391	1852
391	44
391	17
391	16
391	264
391	280
391	12
391	116
391	13
391	4
391	14
391	103
391	427
391	21
391	1151
391	28
392	26
392	400
392	12
392	11
392	13
392	1151
393	78
393	17
393	25
393	36
393	13
393	12
393	20
394	829
394	1853
394	45
394	19
394	11
394	12
394	13
394	22
394	4
394	14
395	72
395	173
395	12
395	13
395	11
395	14
395	4
395	20
396	829
396	241
396	11
396	12
396	13
396	45
396	383
397	328
397	4
397	10
397	5
397	383
397	102
398	468
398	45
398	241
398	383
398	13
398	11
399	920
399	45
399	241
399	12
399	13
399	11
399	383
400	1398
400	45
400	241
400	12
400	13
400	11
400	383
400	116
401	530
401	45
401	12
401	13
401	11
402	1854
402	167
402	280
402	12
402	7
402	383
403	4
403	14
403	106
403	12
404	933
404	1855
404	264
404	17
404	44
404	47
404	280
404	55
404	245
404	4
404	14
404	28
405	467
405	22
405	437
405	2
405	19
405	13
405	639
405	427
405	11
405	4
405	36
405	12
405	33
406	154
406	2
406	19
406	4
406	14
406	13
406	12
406	33
407	284
407	134
407	438
407	25
407	17
407	157
407	19
407	4
407	14
407	113
407	12
407	13
407	33
408	114
408	437
408	36
408	19
408	4
408	11
408	172
408	12
408	91
408	55
408	33
408	7
408	13
409	253
409	12
409	10
410	1398
410	4
410	14
410	12
410	13
410	33
410	116
410	10
410	649
411	829
411	621
411	691
411	94
411	4
411	14
411	45
411	12
411	13
411	19
411	22
412	547
412	788
412	19
412	12
412	13
412	11
412	55
412	22
412	20
412	4
412	14
412	102
413	955
413	44
413	25
413	12
413	649
413	13
413	11
413	4
413	14
413	22
413	19
413	45
414	1856
414	524
414	255
414	19
414	359
414	125
414	12
414	11
414	91
414	21
414	37
414	22
414	102
414	4
414	14
414	128
414	28
414	509
415	547
415	44
415	18
415	12
415	13
415	649
415	11
415	22
415	14
415	19
416	144
416	1140
416	4
416	19
416	12
416	22
416	1212
416	91
416	128
416	1285
417	114
417	17
417	25
417	44
417	12
417	4
417	20
417	434
417	11
417	14
417	13
418	2
418	5
418	10
418	4
418	33
418	14
418	7
418	102
418	13
418	113
419	1857
419	17
419	44
419	14
419	4
419	12
419	280
419	13
420	17
420	468
420	79
420	4
420	14
420	22
420	13
420	12
420	280
420	20
420	163
421	62
421	33
421	4
421	10
421	116
421	7
421	14
421	11
421	12
421	102
422	575
422	18
422	661
422	7
422	4
422	14
422	324
422	11
422	91
422	12
423	1858
423	91
423	448
423	884
424	43
424	220
424	155
424	1859
424	46
424	186
424	153
424	25
424	19
424	22
424	4
424	14
424	102
424	12
424	13
424	11
424	10
424	7
424	55
425	43
425	254
425	47
425	25
425	4
425	14
425	22
425	10
425	11
425	12
425	13
425	55
425	390
426	1825
426	663
426	12
426	13
426	14
426	33
426	113
426	4
426	20
427	40
427	2
427	103
427	4
427	354
427	45
427	12
427	10
427	13
427	91
427	21
427	116
427	142
427	22
427	14
428	1475
428	46
428	157
428	19
428	4
428	14
428	22
428	113
428	12
428	20
429	547
429	19
429	18
429	144
429	12
429	10
429	4
429	102
429	11
429	22
429	91
429	45
430	2
430	945
430	19
430	12
430	13
430	10
430	91
430	649
430	4
430	14
430	20
431	46
431	16
431	2
431	17
431	174
431	19
431	4
431	14
431	55
431	11
431	45
431	22
431	12
431	13
432	46
432	437
432	468
432	621
432	45
432	19
432	4
432	14
432	102
432	12
432	10
432	13
432	21
432	11
432	649
432	91
432	22
433	155
433	54
433	125
433	12
433	116
433	91
433	13
433	10
433	33
433	22
433	102
433	4
433	11
433	7
434	16
434	609
434	19
434	45
434	28
434	11
434	13
434	12
434	22
434	163
435	266
435	54
435	36
435	4
435	14
435	45
435	12
435	13
435	21
435	55
436	2
436	937
436	144
436	19
436	18
436	148
436	36
436	4
436	102
436	247
436	10
436	116
436	12
436	33
436	13
436	7
437	2
437	388
437	36
437	55
437	10
437	4
437	12
437	13
437	20
438	2
438	86
438	144
438	19
438	36
438	256
438	18
438	10
438	12
438	13
438	102
438	247
438	116
438	33
438	7
439	155
439	36
439	11
439	55
439	12
439	13
439	116
439	4
439	14
439	22
439	33
439	20
440	398
440	36
440	17
440	19
440	178
440	45
440	12
440	13
440	4
440	427
440	21
441	437
441	17
441	25
441	48
441	53
441	44
441	144
441	22
441	113
441	12
441	20
442	398
442	40
442	663
442	19
442	4
442	14
442	45
442	33
442	12
442	13
442	21
443	398
443	46
443	26
443	36
443	4
443	14
443	19
443	13
443	12
443	11
443	45
443	22
443	649
444	46
444	437
444	1398
444	707
444	4
444	14
444	19
444	45
444	11
444	12
444	13
444	21
444	22
445	40
445	357
445	1860
445	103
445	4
445	14
445	12
445	11
446	829
446	174
446	4
446	14
446	12
446	13
446	11
446	45
446	649
446	19
446	22
447	43
447	19
447	254
447	12
447	280
447	13
447	103
447	22
447	20
448	43
448	849
448	36
448	45
448	22
448	649
448	19
448	4
448	102
448	12
448	13
448	11
449	16
449	1019
449	11
449	19
449	22
449	12
449	13
449	4
449	14
449	390
450	1363
450	44
450	25
450	94
450	19
450	22
450	4
450	14
450	102
450	10
450	11
450	55
450	13
450	12
450	20
451	195
451	254
451	25
451	47
451	22
451	10
451	116
451	11
451	55
451	5
451	4
451	14
451	13
451	91
451	20
452	2
452	292
452	428
452	54
452	32
452	125
452	18
452	11
452	10
452	55
452	12
452	13
452	91
452	4
452	14
452	102
452	20
453	72
453	270
453	36
453	12
453	13
453	55
453	11
453	4
453	14
453	20
454	933
454	2
454	1750
454	44
454	19
454	36
454	167
454	7
454	4
454	14
454	280
454	10
454	245
454	116
454	12
454	13
454	401
455	43
455	26
455	398
455	53
455	45
455	373
455	13
455	12
455	11
455	28
455	14
455	4
455	610
456	62
456	14
456	55
456	833
456	4
456	56
456	36
457	437
457	2
457	40
457	19
457	707
457	144
457	36
457	4
457	14
457	12
457	11
457	13
457	21
457	33
457	22
458	1529
458	25
458	351
458	1530
458	12
458	22
458	37
458	14
458	33
459	1475
459	25
459	351
459	19
459	12
459	22
459	37
459	14
459	33
460	38
460	44
460	18
460	12
460	13
460	649
460	14
461	575
461	1186
461	7
461	19
461	687
461	13
461	11
461	12
461	427
461	33
462	829
462	25
462	44
462	17
462	19
462	4
462	14
462	11
462	12
462	13
462	241
462	378
462	45
462	383
463	576
463	829
463	19
463	241
463	45
463	12
463	13
463	639
463	427
463	383
464	1475
464	36
464	4
464	19
464	22
464	5
464	639
464	113
464	12
464	7
465	123
465	46
465	174
465	44
465	700
465	1861
465	12
465	280
465	10
465	13
465	14
465	4
465	7
466	2
466	25
466	254
466	174
466	19
466	22
466	4
466	14
466	10
466	13
466	12
466	383
466	7
467	663
467	19
467	241
467	2
467	12
467	10
467	22
467	45
468	474
468	40
468	2
468	19
468	241
468	22
468	45
468	12
468	13
468	21
468	383
469	557
469	12
469	11
469	112
469	7
469	13
470	2
470	1187
470	19
470	12
470	22
470	7
471	1475
471	18
471	687
471	19
471	4
471	14
471	102
471	11
471	37
471	12
471	33
471	21
472	557
472	22
472	4
472	14
472	36
472	116
472	10
472	12
472	13
472	113
472	390
473	2
473	4
473	14
473	102
473	116
473	22
473	45
473	10
473	12
473	13
473	55
473	91
474	328
474	22
474	4
474	14
474	102
474	116
474	91
474	10
474	13
474	55
474	45
474	12
475	829
475	256
475	36
475	45
475	10
475	11
475	12
475	13
475	4
475	14
475	33
476	216
476	4
476	14
476	102
476	281
476	11
476	116
476	13
476	19
476	22
476	167
476	33
476	12
476	128
477	284
477	103
477	241
477	34
477	12
477	116
477	37
477	4
477	14
477	11
477	33
477	21
477	128
477	19
478	284
478	19
478	103
478	12
478	11
478	21
478	37
478	116
478	163
478	33
478	167
478	4
478	14
478	509
479	807
479	22
479	241
479	116
479	7
479	13
479	14
479	10
479	33
479	4
479	11
479	12
480	437
480	2
480	19
480	44
480	26
480	144
480	4
480	14
480	22
480	639
480	427
480	10
480	12
480	13
480	21
480	45
481	206
481	264
481	44
481	19
481	881
481	428
481	4
481	55
481	13
481	12
481	22
481	7
481	36
481	5
482	4
482	14
482	102
482	103
482	45
482	10
482	116
482	11
482	33
482	12
482	22
482	287
483	328
483	829
483	639
483	427
483	10
483	12
483	13
483	11
483	241
483	45
483	383
484	54
484	292
484	19
484	241
484	22
484	4
484	14
484	12
484	13
484	21
484	45
484	383
485	547
485	19
485	418
485	12
485	13
485	280
485	10
485	7
485	22
486	1141
486	167
486	91
486	85
486	33
486	21
487	53
487	148
487	2
487	331
487	44
487	25
487	19
487	13
487	12
487	22
487	113
487	639
487	7
488	53
488	355
488	148
488	25
488	19
488	881
488	12
488	37
488	33
488	22
488	113
488	4
488	241
488	45
489	1862
489	167
489	1863
489	12
489	135
489	7
490	437
490	2
490	19
490	174
490	241
490	22
490	4
490	14
490	12
490	13
490	21
490	45
490	383
491	40
491	437
491	2
491	19
491	36
491	22
491	45
491	12
491	13
491	21
491	383
492	216
492	18
492	190
492	1864
492	40
492	12
492	121
492	91
493	1411
493	578
493	4
493	14
493	11
493	10
493	12
493	13
493	91
493	247
493	889
493	45
494	1411
494	43
494	4
494	14
494	11
494	889
494	318
494	91
494	12
494	13
494	21
494	209
494	45
495	533
495	19
495	241
495	113
495	12
495	746
495	383
495	20
496	43
496	19
496	53
496	280
496	12
496	4
496	22
496	7
497	920
497	241
497	12
497	20
498	19
498	357
498	1865
498	1866
498	4
498	1867
498	36
498	12
498	55
498	287
498	383
499	398
499	19
499	241
499	22
499	13
499	45
500	2
500	57
500	174
500	19
500	4
500	14
500	11
500	55
500	22
500	12
500	13
500	21
500	45
500	383
501	16
501	19
501	11
501	12
501	281
501	55
502	16
502	19
502	167
502	2
502	4
502	14
502	12
502	401
502	280
502	7
503	43
503	1868
503	12
503	13
503	19
503	4
503	14
503	1816
503	576
503	280
503	245
503	22
503	1869
504	19
504	448
504	362
504	22
504	167
504	91
504	7
505	195
505	10
505	13
505	33
505	22
505	383
505	390
506	43
506	398
506	1187
506	17
506	19
506	36
506	4
506	14
506	113
506	13
506	12
506	22
506	21
506	383
506	746
506	33
506	7
507	398
507	1771
507	46
507	17
507	174
507	19
507	12
507	13
507	10
507	280
507	21
507	401
508	933
508	53
508	10
508	113
508	13
508	4
508	14
508	12
508	7
508	1525
508	4
509	398
509	4
509	14
509	245
509	13
509	20
509	91
509	12
509	11
509	33
510	43
510	4
510	14
510	113
510	10
510	55
510	1525
510	4
511	43
511	4
511	14
511	10
511	11
511	523
511	1525
511	4
512	578
512	398
512	91
512	55
512	12
512	13
512	129
512	4
512	113
512	14
512	10
512	21
512	33
513	688
513	187
513	10
513	13
513	4
513	14
513	19
513	280
513	22
514	1870
514	4
514	181
514	11
514	12
514	10
514	55
514	698
514	14
514	102
515	186
515	16
515	2
515	219
515	46
515	44
515	25
515	17
515	173
515	19
515	187
515	241
515	113
515	12
515	4
515	14
515	55
516	920
516	19
516	241
516	13
516	55
516	427
516	639
516	20
516	12
516	33
517	117
517	2
517	45
517	10
517	4
517	14
517	13
517	11
518	571
518	1871
518	1167
518	12
518	525
518	320
519	40
519	945
519	17
519	44
519	47
519	148
519	26
519	43
519	12
519	13
519	10
519	91
519	11
519	55
519	4
519	14
519	22
519	45
520	46
520	59
520	2
520	43
520	468
520	19
520	254
520	48
520	22
520	17
520	12
520	113
520	418
520	13
520	7
520	4
520	14
520	33
520	10
521	46
521	437
521	2
521	19
521	36
521	4
521	14
521	55
521	10
521	12
521	91
521	13
521	45
521	22
521	102
522	145
522	4
522	14
522	22
522	11
522	55
522	91
522	10
522	12
522	13
522	56
522	390
523	924
523	254
523	25
523	26
523	10
523	113
523	12
523	4
523	14
523	22
523	20
523	55
523	7
524	956
524	186
524	25
524	44
524	22
524	102
524	5
524	12
524	4
524	20
524	7
524	14
524	55
524	10
525	1170
525	278
525	144
525	153
525	4
525	14
525	10
525	22
525	12
525	55
525	7
526	660
526	254
526	44
526	241
526	19
526	22
526	94
526	25
526	113
526	55
526	10
526	13
526	12
526	7
526	14
527	332
527	264
527	254
527	26
527	7
527	12
527	4
527	14
527	10
527	280
527	20
528	763
528	19
528	22
528	241
528	4
528	427
528	12
528	7
528	13
528	33
529	920
529	19
529	241
529	12
529	383
529	45
529	13
529	33
530	1872
530	102
530	10
530	106
530	101
530	91
531	46
531	2
531	19
531	174
531	4
531	14
531	55
531	11
531	22
531	649
532	768
532	19
532	2
532	22
532	241
532	13
532	33
532	11
532	20
532	14
532	4
532	12
533	46
533	43
533	2
533	19
533	4
533	14
533	55
533	22
533	12
533	13
533	91
533	45
534	379
534	963
534	25
534	609
534	12
534	11
534	13
534	21
534	22
534	10
534	128
534	4
534	14
534	33
535	1683
535	11
535	523
535	21
535	33
535	36
535	12
535	13
535	116
536	46
536	134
536	36
536	45
536	649
536	12
536	21
536	13
536	11
536	22
536	329
536	19
537	550
537	25
537	254
537	17
537	94
537	11
537	55
537	12
537	13
537	20
537	22
538	155
538	44
538	18
538	54
538	12
538	22
538	11
538	55
538	4
538	14
538	102
538	13
538	45
539	547
539	94
539	19
539	20
539	22
539	12
539	13
539	4
539	14
539	11
540	15
540	16
540	46
540	17
540	19
540	21
540	12
540	13
540	22
540	649
541	422
541	19
541	547
541	144
541	53
541	36
541	241
541	12
541	13
541	21
541	10
541	4
541	33
541	45
542	398
542	4
542	14
542	91
542	11
542	33
542	7
542	245
542	12
543	578
543	390
543	91
543	10
543	116
543	639
543	427
543	55
544	2
544	45
544	91
544	116
544	10
544	11
544	55
544	4
544	14
544	12
544	13
545	2
545	19
545	22
545	34
545	12
545	10
545	116
545	4
545	14
545	102
545	11
545	33
545	5
545	55
545	91
546	2
546	254
546	54
546	19
546	22
546	10
546	4
546	14
546	102
546	13
546	12
546	55
546	116
546	45
547	328
547	94
547	144
547	22
547	45
547	4
547	14
547	102
547	11
547	10
547	13
547	12
547	116
548	547
548	12
548	10
548	116
548	280
548	245
548	19
548	22
548	4
548	14
548	102
548	7
549	547
549	12
549	10
549	116
549	280
549	245
549	19
549	22
549	4
549	14
549	102
549	7
550	1516
550	16
550	54
550	19
550	83
550	4
550	14
550	12
550	142
550	11
550	91
550	22
551	1163
551	18
551	302
551	32
551	241
551	12
551	13
551	268
551	33
551	14
551	4
551	329
551	672
551	7
552	437
552	2
552	19
552	254
552	4
552	639
552	14
552	427
552	102
552	12
552	113
552	33
552	22
552	7
553	84
553	2
553	378
553	19
553	22
553	91
553	113
553	33
553	20
554	437
554	125
554	101
554	12
554	13
554	22
554	111
554	102
554	4
555	829
555	19
555	79
555	18
555	241
555	45
555	11
555	13
555	22
555	4
555	14
556	409
556	1370
556	19
556	7
556	4
556	14
556	10
556	245
556	116
556	401
556	36
557	40
557	53
557	357
557	10
557	4
557	12
557	523
558	43
558	414
558	10
558	13
558	11
558	33
558	4
558	14
558	12
558	45
559	547
559	22
559	94
559	254
559	19
559	10
559	7
559	13
559	4
559	113
559	12
559	14
559	91
559	55
560	431
560	14
560	4
560	101
560	12
560	13
560	91
560	11
560	116
560	21
560	45
561	173
561	663
561	12
561	13
561	55
561	10
561	102
561	770
561	208
561	142
562	49
562	55
562	277
562	129
562	833
562	890
562	131
562	928
562	10
562	12
562	11
562	91
562	4
562	1321
562	33
563	43
563	129
563	833
563	131
563	277
563	55
563	4
563	11
563	10
563	12
563	91
563	33
564	384
564	38
564	547
564	254
564	54
564	10
564	22
564	4
564	14
564	102
564	116
564	55
564	13
564	45
565	955
565	160
565	144
565	11
565	22
565	4
565	33
565	102
565	45
565	19
565	12
566	155
566	47
566	54
566	254
566	10
566	22
566	4
566	102
566	14
566	13
566	116
566	45
566	12
567	468
567	34
567	12
567	10
567	37
567	4
567	102
567	11
567	116
567	33
567	22
567	267
567	256
568	1772
568	44
568	144
568	19
568	102
568	33
568	1188
568	113
568	45
569	955
569	44
569	144
569	19
569	4
569	102
569	11
569	12
569	22
569	33
569	13
569	7
569	91
570	122
570	123
570	103
570	570
570	14
570	4
570	280
570	116
570	10
570	401
570	7
570	12
571	955
571	44
571	144
571	19
571	4
571	102
571	12
571	113
571	22
571	33
571	7
572	190
572	700
572	1873
572	437
572	105
572	167
572	19
572	91
572	626
572	1478
572	12
573	371
573	38
573	18
573	54
573	144
573	281
573	10
573	116
573	11
573	12
573	13
573	4
573	14
573	102
573	22
574	18
574	442
574	361
574	4
574	14
574	45
574	12
574	13
574	22
575	468
575	44
575	144
575	10
575	12
575	13
575	280
575	22
575	7
575	102
575	4
575	116
576	468
576	94
576	707
576	4
576	102
576	10
576	12
576	13
576	116
576	22
576	45
576	33
576	11
577	468
577	144
577	103
577	10
577	11
577	4
577	14
577	128
577	22
577	33
577	583
577	12
577	13
577	116
578	467
578	19
578	94
578	22
578	4
578	12
578	102
578	13
578	20
578	639
578	33
578	11
578	427
579	134
579	19
579	44
579	4
579	103
579	12
579	11
579	13
579	22
579	33
579	7
580	1874
580	576
580	362
580	19
580	1875
580	79
580	12
580	13
580	287
580	476
580	14
580	4
581	1398
581	53
581	17
581	14
581	12
581	13
581	22
581	45
582	437
582	284
582	685
582	13
582	12
582	33
582	20
582	113
582	22
583	688
583	597
583	12
583	11
583	91
583	21
583	19
583	22
583	128
583	509
584	602
584	43
584	53
584	254
584	10
584	113
584	12
584	4
584	14
584	22
584	55
584	20
584	7
585	266
585	379
585	12
585	22
585	45
585	649
586	124
586	4
586	14
586	10
586	11
586	116
586	91
586	12
587	124
587	95
587	4
587	14
587	144
587	33
587	55
587	10
587	11
587	116
587	91
587	12
588	43
588	2
588	380
588	186
588	19
588	639
588	427
588	12
588	45
588	22
589	40
589	16
589	19
589	46
589	1754
589	254
589	53
589	12
589	22
589	7
589	10
589	13
589	28
589	245
590	1876
590	149
590	645
590	125
590	101
590	91
590	20
591	1877
591	2
591	24
591	175
591	91
591	22
591	7
592	334
592	222
592	256
592	26
592	103
592	521
592	54
592	12
592	37
592	11
592	142
593	1784
593	222
593	256
593	26
593	103
593	521
593	54
593	12
593	37
593	11
593	142
594	918
594	881
594	53
594	34
594	12
594	4
594	14
594	102
594	55
594	129
594	320
595	621
595	958
595	277
595	2
595	91
595	20
596	428
596	5
596	4
596	102
596	91
596	45
596	13
597	250
597	101
597	44
597	25
597	12
597	13
597	4
597	10
597	14
597	113
597	33
598	1475
598	17
598	174
598	13
598	21
598	113
598	12
598	22
598	20
599	385
599	25
599	14
599	102
599	4
599	113
599	318
599	1878
599	22
599	12
599	91
599	20
600	409
600	4
600	264
600	254
600	54
600	157
600	237
600	280
600	1879
600	12
600	91
600	116
600	401
600	22
600	19
600	1817
601	742
601	32
601	1880
601	256
601	14
601	281
602	398
602	25
602	157
602	256
602	237
602	91
602	116
602	12
602	13
602	22
602	7
603	16
603	17
603	18
603	25
603	157
603	19
603	237
603	4
603	14
603	12
603	22
603	20
604	379
604	22
604	12
604	649
605	379
605	985
605	1881
605	1687
605	255
605	20
605	28
605	12
605	280
605	4
605	14
605	13
605	22
606	829
606	621
606	598
606	4
606	14
606	22
606	12
606	13
606	11
606	19
606	45
607	621
607	80
607	707
607	103
607	4
607	14
607	553
607	22
607	19
607	45
607	11
607	12
607	13
607	10
608	621
608	1672
608	4
608	19
608	22
608	45
608	12
608	13
608	11
608	21
608	55
609	621
609	437
609	19
609	4
609	14
609	22
609	45
609	12
609	13
609	11
610	1398
610	621
610	707
610	4
610	14
610	12
610	13
610	22
610	45
610	11
611	621
611	1398
611	707
611	4
611	14
611	45
611	11
611	12
611	13
611	22
612	621
612	134
612	144
612	181
612	19
612	4
612	14
612	22
612	553
612	45
612	11
612	12
612	13
613	621
613	203
613	598
613	707
613	45
613	4
613	12
613	13
613	22
614	192
614	2
614	44
614	17
614	157
614	19
614	4
614	14
614	113
614	12
614	22
614	33
614	28
615	409
615	123
615	44
615	17
615	157
615	14
615	19
615	12
615	401
615	245
615	280
615	22
616	679
616	59
616	11
616	12
616	13
616	21
616	14
616	4
616	22
617	1398
617	20
617	33
617	113
617	4
617	14
617	1411
617	318
618	300
618	40
618	17
618	44
618	965
618	4
618	14
618	36
618	102
618	280
618	12
618	13
618	20
618	21
619	847
619	266
619	36
619	102
619	12
619	13
619	116
619	33
620	266
620	398
620	663
620	36
620	45
620	13
620	4
620	14
620	12
620	11
620	10
620	33
620	91
621	547
621	256
621	254
621	94
621	25
621	241
621	19
621	22
621	20
621	12
621	113
621	55
621	13
621	91
621	4
621	14
622	1398
622	203
622	707
622	4
622	14
622	12
622	13
622	45
622	22
623	203
623	149
623	14
623	102
623	4
623	106
623	105
623	25
623	190
623	1873
623	437
623	1141
623	156
623	12
623	33
623	60
624	398
624	16
624	19
624	17
624	1754
624	1208
624	95
624	36
624	12
624	280
624	4
624	14
624	245
624	401
624	22
625	26
625	437
625	17
625	36
625	19
625	33
625	13
625	21
625	113
625	22
625	12
626	16
626	547
626	955
626	17
626	2
626	36
626	25
626	302
626	157
626	19
626	241
626	4
626	14
626	102
626	113
626	12
626	22
626	237
626	91
626	116
626	33
626	7
627	2
627	36
627	19
627	12
627	13
627	14
627	11
627	33
627	4
627	21
627	45
627	687
628	1163
628	102
628	4
628	101
628	106
628	12
628	91
628	21
628	13
629	4
629	14
629	12
629	37
629	11
629	10
629	91
629	22
629	129
630	1687
630	43
630	19
630	17
630	1537
630	10
630	245
630	4
630	14
630	12
630	13
630	444
631	40
631	43
631	46
631	17
631	26
631	44
631	400
631	36
631	11
631	12
631	13
631	33
631	4
631	14
632	117
632	10
632	12
632	116
632	91
632	36
632	21
633	196
633	379
633	17
633	12
633	13
633	91
633	318
633	21
634	43
634	12
634	4
634	10
634	7
634	8
635	43
635	55
635	4
635	14
635	698
635	1689
635	1435
635	347
635	928
635	887
635	890
635	313
635	277
635	10
635	12
636	1882
636	437
636	54
636	4
636	19
636	12
636	22
636	1285
636	91
636	238
637	2
637	467
637	19
637	22
637	12
637	13
637	33
637	21
637	20
638	15
638	707
638	81
638	1853
638	12
638	13
638	22
638	4
638	45
639	43
639	55
639	833
639	890
639	4
639	14
639	12
639	113
640	46
640	927
640	153
640	968
640	36
640	4
640	10
640	91
640	12
640	13
640	22
640	45
640	116
640	14
640	102
641	1883
641	1884
641	1885
641	1886
641	91
641	448
642	575
642	1887
642	45
642	11
642	91
642	324
642	33
642	4
643	398
643	45
643	237
643	91
643	12
643	13
643	4
643	14
643	102
643	11
644	438
644	19
644	241
644	91
644	45
645	43
645	303
645	4
645	14
645	113
645	55
645	91
645	5
645	10
645	12
645	7
646	192
646	25
646	17
646	157
646	378
646	19
646	91
646	116
646	10
646	12
646	4
646	14
646	102
646	22
646	7
647	46
647	101
647	121
647	10
647	91
647	12
647	4
647	1609
647	55
647	45
648	1845
648	101
648	144
648	121
648	91
648	1609
648	10
649	2
649	54
649	505
649	10
649	116
649	14
649	102
649	22
649	267
649	91
649	246
649	128
650	151
650	91
650	116
650	14
651	437
651	2
651	19
651	94
651	144
651	22
651	4
651	14
651	91
651	116
651	10
651	45
651	12
651	11
652	1526
652	116
652	91
652	4
652	14
652	10
652	12
652	22
652	1888
653	117
653	116
653	91
653	4
653	14
653	10
653	12
653	22
653	1888
654	134
654	1889
654	18
654	302
654	7
654	11
654	12
654	91
654	324
654	22
654	128
654	4
654	14
655	117
655	14
655	4
655	102
655	12
655	10
655	91
655	116
655	245
655	22
655	7
656	385
656	113
656	434
656	14
656	12
656	33
657	16
657	44
657	186
657	19
657	22
657	13
657	434
657	427
657	20
657	12
657	91
657	28
658	1161
658	19
658	144
658	434
658	12
658	91
658	163
658	28
658	22
658	7
659	554
659	147
659	91
659	1343
660	160
660	190
660	46
660	14
660	4
660	105
660	1890
661	1891
661	1892
661	45
661	373
661	12
661	91
661	11
661	56
661	14
661	4
661	163
662	1117
662	436
662	95
662	102
662	14
662	85
662	10
662	91
663	173
663	270
663	55
663	10
663	4
663	7
663	14
663	5
663	12
663	11
664	1893
664	10
664	1894
664	91
664	715
664	13
664	1361
664	1895
665	963
665	28
665	10
665	11
665	1896
665	13
665	12
665	22
665	163
665	4
665	14
665	33
666	59
666	437
666	664
666	19
666	17
666	25
666	1897
666	570
666	22
666	280
666	12
666	91
666	394
666	116
666	4
666	14
666	13
666	401
666	20
666	163
667	1637
667	102
667	4
667	650
667	1898
667	281
668	398
668	91
668	163
668	116
668	10
668	12
668	13
668	280
668	4
668	14
668	20
669	117
669	2
669	254
669	47
669	54
669	4
669	102
669	14
669	10
669	55
669	116
669	113
669	91
669	13
669	22
669	390
670	79
670	103
670	4
670	14
670	11
670	10
670	22
670	91
670	12
671	2
671	882
671	25
671	19
671	12
671	10
671	60
671	4
671	14
671	55
671	11
671	22
671	128
672	602
672	4
672	14
672	55
672	22
672	11
672	10
672	91
672	12
672	13
672	21
672	33
672	20
673	398
673	254
673	25
673	36
673	45
673	10
673	12
673	13
673	91
673	4
673	14
673	22
673	33
674	963
674	25
674	44
674	12
674	11
674	13
674	10
674	91
674	22
674	427
674	45
674	128
674	28
675	197
675	144
675	12
675	10
675	116
675	13
675	14
675	11
675	91
675	687
675	21
675	4
675	102
676	49
676	36
676	599
676	4
676	14
676	55
676	22
676	10
676	13
676	390
677	43
677	254
677	26
677	4
677	14
677	91
677	11
677	10
677	22
677	13
677	55
677	45
678	1748
678	95
678	14
678	4
678	91
678	320
678	1899
678	1055
678	238
679	26
679	47
679	151
679	4
679	102
679	21
679	13
679	33
679	12
679	91
679	22
679	7
680	1642
680	398
680	1900
680	523
680	1255
680	33
680	14
680	4
680	12
680	13
680	11
680	318
681	1901
681	1902
681	14
681	36
681	95
681	1903
681	12
681	91
681	238
681	821
682	49
682	4
682	14
682	10
682	91
682	113
682	13
682	56
682	7
683	409
683	1855
683	264
683	44
683	17
683	157
683	12
683	91
683	280
683	4
683	14
683	19
683	22
683	245
683	28
684	2
684	19
684	174
684	144
684	17
684	639
684	427
684	55
684	12
684	13
684	21
684	22
684	33
685	187
685	547
685	16
685	44
685	19
685	241
685	12
685	113
685	4
685	14
685	33
685	7
686	2
686	1904
686	662
686	19
686	45
686	33
686	11
686	13
686	12
686	22
687	155
687	2
687	49
687	184
687	26
687	91
687	11
687	10
687	55
687	116
687	129
687	4
687	14
687	56
687	12
687	13
688	284
688	665
688	412
688	36
688	33
688	4
688	14
688	12
688	11
688	13
688	21
688	45
689	665
689	32
689	11
689	55
689	4
689	14
689	102
689	12
689	13
689	91
689	390
690	62
690	18
690	11
690	55
690	12
690	13
690	4
690	14
690	102
690	20
691	62
691	10
691	11
691	12
691	4
691	14
691	102
691	13
691	33
691	390
692	62
692	438
692	36
692	19
692	4
692	14
692	639
692	427
692	12
692	13
692	21
692	116
692	33
693	1383
693	1905
693	204
693	205
693	44
693	128
693	12
693	37
693	4
693	14
693	11
694	1383
694	1905
694	204
694	205
694	44
694	1906
694	12
694	37
694	4
694	14
694	1907
695	321
695	1829
695	12
695	11
695	287
695	832
695	281
695	383
695	1830
696	437
696	766
696	19
696	12
696	33
696	4
696	14
696	22
696	21
696	11
697	206
697	1693
697	1908
697	91
697	448
698	156
698	256
698	7
698	10
698	13
698	191
698	238
698	280
699	1909
699	14
699	4
699	1910
699	102
699	95
700	15
700	24
700	17
700	19
700	12
700	13
700	21
700	22
700	45
700	4
701	1200
701	315
701	13
701	12
701	116
701	55
701	45
702	250
702	14
702	928
702	623
702	28
702	890
702	129
702	56
702	12
702	833
702	45
703	688
703	4
703	144
703	661
703	18
703	357
703	1911
703	116
703	33
703	10
703	102
703	12
704	2
704	660
704	4
704	14
704	11
704	116
704	55
704	12
704	13
704	390
704	22
705	2
705	24
705	36
705	12
705	13
705	55
705	4
705	14
705	22
705	33
706	46
706	2
706	19
706	174
706	4
706	14
706	22
706	10
706	12
706	13
706	21
706	45
706	1525
706	4
707	46
707	2
707	36
707	19
707	22
707	21
707	12
707	13
707	33
707	11
708	1912
708	2
708	12
708	281
708	37
709	173
709	266
709	36
709	4
709	14
709	11
709	10
709	12
709	13
709	21
710	2
710	428
710	254
710	390
710	55
710	10
710	12
710	91
710	11
710	13
710	4
710	102
710	22
710	14
711	2
711	4
711	14
711	102
711	91
711	22
711	10
711	55
711	13
711	45
711	20
712	26
712	2
712	4
712	14
712	11
712	55
712	37
712	12
712	91
712	13
712	22
712	20
713	328
713	266
713	12
713	11
713	55
713	4
713	14
713	13
713	22
713	20
714	62
714	2
714	156
714	36
714	19
714	4
714	14
714	639
714	427
714	55
714	12
714	13
714	21
714	33
714	116
714	22
715	530
715	1398
715	42
715	155
715	15
715	468
715	621
715	174
715	4
715	14
715	102
715	12
715	13
715	116
715	11
715	45
715	22
715	649
716	379
716	15
716	10
716	12
716	21
716	649
716	22
716	45
716	11
716	1525
716	4
717	399
717	19
717	156
717	13
717	45
717	1411
718	15
718	379
718	318
718	12
718	22
718	649
719	62
719	134
719	621
719	4
719	14
719	45
719	22
719	19
719	11
719	12
719	13
720	431
720	2
720	266
720	4
720	55
720	14
720	12
720	116
720	11
720	1328
720	91
721	266
721	426
721	36
721	11
721	12
721	13
721	4
721	55
721	45
722	1913
722	1141
722	1066
722	101
722	102
722	1914
722	12
722	33
722	91
723	43
723	1915
723	12
723	11
723	22
723	509
723	14
723	4
723	128
724	398
724	547
724	43
724	44
724	26
724	19
724	167
724	10
724	4
724	14
724	13
724	401
724	280
725	547
725	134
725	2
725	19
725	22
725	4
725	14
725	13
725	113
725	12
725	383
725	7
726	1916
726	1917
726	521
726	14
726	12
726	91
726	320
726	33
727	278
727	19
727	125
727	101
727	241
727	10
727	13
727	21
727	499
727	7
728	409
728	44
728	264
728	17
728	157
728	280
728	12
728	19
728	1918
728	20
728	245
728	28
729	134
729	94
729	19
729	22
729	12
729	13
729	11
729	45
729	427
730	1801
730	112
730	91
730	12
730	116
730	418
730	102
731	829
731	1592
731	94
731	4
731	14
731	12
731	13
731	11
731	22
732	557
732	1592
732	361
732	36
732	14
732	12
732	13
732	649
732	22
732	21
733	219
733	19
733	523
733	11
733	10
733	4
733	14
733	33
733	12
733	13
734	46
734	437
734	1398
734	520
734	42
734	26
734	94
734	19
734	12
734	13
734	21
734	22
734	649
734	4
734	14
734	45
735	557
735	36
735	19
735	4
735	14
735	12
735	13
735	11
735	45
735	22
735	142
735	241
736	829
736	19
736	10
736	12
736	13
736	21
736	45
736	22
737	1398
737	19
737	707
737	153
737	4
737	11
737	329
737	12
737	13
737	22
737	45
737	649
738	1919
738	284
738	19
738	102
738	12
738	91
738	33
738	105
739	94
739	25
739	19
739	22
739	12
739	13
739	113
739	55
739	20
739	33
739	4
739	14
740	154
740	534
740	418
740	12
740	10
740	116
740	91
740	14
740	4
740	112
740	33
741	2
741	19
741	418
741	22
741	241
741	10
741	11
741	639
741	427
741	12
741	91
741	13
741	7
742	955
742	19
742	2
742	241
742	13
742	11
742	418
742	14
742	4
742	45
742	12
742	33
743	1920
743	1579
743	256
743	12
743	1921
743	91
744	1922
744	1923
744	12
744	1924
744	91
745	829
745	19
745	12
745	13
745	11
745	45
745	1001
745	1307
745	10
745	91
745	1609
745	427
745	241
745	22
746	53
746	266
746	412
746	144
746	1609
746	12
746	13
746	116
746	102
746	55
746	10
746	45
747	46
747	81
747	4
747	14
747	12
747	13
747	10
747	116
747	91
747	33
748	1783
748	81
748	14
748	116
748	12
748	13
748	33
748	4
748	10
749	1398
749	81
749	144
749	4
749	14
749	45
749	11
749	12
749	13
749	22
750	284
750	81
750	25
750	36
750	649
750	12
750	21
750	13
750	22
751	508
751	81
751	547
751	4
751	19
751	22
751	55
751	12
751	13
751	11
752	42
752	36
752	4
752	14
752	102
752	12
752	13
752	11
752	45
752	649
753	468
753	36
753	4
753	14
753	102
753	12
753	116
753	13
753	11
753	10
753	33
753	45
754	547
754	19
754	36
754	22
754	113
754	4
754	20
754	14
754	320
754	102
754	33
754	116
754	12
754	13
755	36
755	583
755	11
755	116
755	12
755	13
755	4
755	14
755	102
755	1646
755	33
756	51
756	315
756	14
756	12
756	21
756	13
756	4
757	25
757	54
757	1925
757	17
757	143
757	182
757	881
757	1926
757	167
757	672
757	393
757	36
757	12
757	91
757	21
757	22
758	321
758	17
758	16
758	187
758	167
758	11
758	12
758	14
758	116
759	1400
759	19
759	144
759	47
759	12
759	4
759	14
759	11
759	33
759	20
759	13
760	16
760	4
760	14
760	1927
760	19
760	45
760	11
760	33
760	91
760	22
760	12
760	13
761	1928
761	428
761	14
761	125
761	7
761	12
761	13
761	91
761	280
761	238
762	829
762	19
762	94
762	620
762	241
762	91
762	45
762	4
762	14
762	102
762	22
762	11
762	12
762	13
763	829
763	25
763	620
763	91
763	4
763	102
763	14
763	12
763	11
763	45
763	22
764	15
764	620
764	177
764	91
764	12
764	45
764	22
765	1140
765	281
765	1929
765	32
765	19
765	12
765	21
765	238
765	280
765	125
765	125
765	1930
765	32
765	91
765	79
765	189
766	1400
766	515
766	36
766	14
766	12
766	13
766	102
766	55
766	45
767	829
767	515
767	94
767	19
767	4
767	14
767	12
767	13
767	22
767	45
768	1931
768	1647
768	167
768	19
768	91
768	12
768	329
768	85
768	21
769	557
769	1647
769	4
769	14
769	12
769	13
769	45
769	318
769	11
769	22
770	437
770	1647
770	4
770	14
770	19
770	22
770	12
770	11
770	13
770	45
771	614
771	160
771	241
771	94
771	54
771	25
771	256
771	12
771	13
771	45
771	91
771	237
771	22
771	116
771	33
772	1209
772	44
772	4
772	14
772	13
772	12
772	33
772	7
773	409
773	1932
773	1933
773	1816
773	4
773	14
773	19
773	280
773	401
773	22
773	7
773	55
773	12
774	15
774	43
774	2
774	94
774	174
774	19
774	4
774	14
774	12
774	13
774	21
774	11
774	20
775	557
775	147
775	45
775	12
775	13
775	4
775	14
776	557
776	959
776	1764
776	45
776	11
776	12
776	13
776	241
776	4
776	14
777	959
777	43
777	46
777	1042
777	12
777	91
777	22
777	45
777	1525
777	4
778	216
778	270
778	40
778	12
778	4
778	102
778	33
778	45
778	91
779	284
779	270
779	36
779	14
779	4
779	12
779	21
779	13
779	649
779	45
780	547
780	2
780	17
780	378
780	36
780	19
780	12
780	113
780	7
780	4
780	14
780	21
780	91
781	1772
781	1855
781	1186
781	12
781	21
781	280
781	4
781	14
781	7
781	36
781	19
782	533
782	1934
782	20
782	12
782	280
782	4
782	14
783	379
783	16
783	1855
783	357
783	19
783	128
783	4
783	14
783	55
783	246
784	1825
784	4
784	12
784	13
784	116
784	33
785	145
785	4
785	55
785	22
785	11
785	10
785	12
785	13
785	7
785	33
785	14
786	15
786	146
786	2
786	4
786	14
786	12
786	10
786	1525
786	4
787	134
787	12
787	10
787	11
787	13
787	21
787	4
787	14
787	33
788	117
788	12
788	10
788	14
788	11
788	33
788	4
788	21
788	36
789	1825
789	4
789	12
789	13
789	116
789	91
789	11
789	45
789	33
790	46
790	4
790	34
790	10
790	14
790	102
790	11
790	318
790	91
791	431
791	4
791	45
791	116
791	1328
791	55
791	11
791	10
791	91
791	13
791	889
791	14
792	1935
792	216
792	36
792	12
792	85
793	1936
793	373
793	10
793	14
793	4
793	102
793	246
793	56
793	21
793	163
794	173
794	102
794	10
794	116
794	91
794	13
794	33
795	428
795	102
795	10
795	12
795	116
795	33
796	1937
796	241
796	102
796	116
796	10
796	13
796	33
797	102
797	19
797	12
797	33
798	409
798	34
798	12
798	4
798	102
798	11
798	22
798	111
799	103
799	256
799	32
799	1938
799	281
799	12
799	21
799	1939
799	1940
799	1941
800	398
800	102
800	4
800	10
800	13
800	1328
800	11
800	91
800	649
800	116
800	55
800	12
801	829
801	101
801	102
801	14
801	10
801	91
801	13
801	383
801	45
802	557
802	102
802	101
802	241
802	11
802	12
802	13
802	91
802	45
803	406
803	102
803	534
803	4
803	14
803	11
803	12
803	37
803	91
803	21
803	116
803	268
804	2
804	266
804	174
804	4
804	14
804	639
804	427
804	19
804	10
804	12
804	13
804	11
804	22
804	45
805	557
805	19
805	12
805	21
805	13
805	22
805	649
805	14
806	2
806	144
806	19
806	4
806	14
806	12
806	13
806	22
806	45
807	515
807	2
807	144
807	36
807	4
807	14
807	22
807	12
807	13
807	21
807	33
808	829
808	43
808	2
808	19
808	22
808	4
808	14
808	12
808	13
808	11
808	21
809	357
809	266
809	54
809	36
809	102
809	12
809	37
809	91
809	116
809	33
809	142
810	43
810	26
810	47
810	4
810	14
810	599
810	11
810	10
810	12
810	13
810	55
810	22
810	45
811	1942
811	19
811	44
811	153
811	10
811	523
811	11
811	91
811	599
811	55
811	102
811	4
811	14
811	1525
811	4
812	43
812	4
812	14
812	22
812	11
812	10
812	55
812	12
812	13
812	390
813	80
813	19
813	21
813	112
813	13
813	418
813	12
813	10
813	33
813	390
814	437
814	4
814	19
814	377
814	12
814	91
814	21
814	33
814	105
815	679
815	216
815	20
815	12
815	91
815	13
815	4
815	10
815	22
815	33
816	437
816	508
816	36
816	4
816	14
816	12
816	13
816	11
816	21
816	116
816	45
817	406
817	437
817	11
817	12
817	19
817	251
817	13
817	4
817	14
817	4
817	14
818	882
818	40
818	19
818	4
818	45
818	12
818	13
818	21
819	42
819	266
819	1411
819	19
819	36
819	4
819	14
819	45
819	12
819	13
819	11
819	21
819	33
820	1411
820	40
820	1036
820	19
820	1943
820	4
820	45
820	13
820	21
820	14
821	1411
821	412
821	968
821	26
821	2
821	19
821	36
821	12
821	13
821	21
821	45
821	55
821	4
821	14
822	53
822	1411
822	19
822	4
822	14
822	45
822	12
822	13
822	21
823	1200
823	40
823	1411
823	19
823	45
823	13
823	21
823	4
823	14
823	33
824	1411
824	663
824	19
824	1944
824	4
824	12
824	13
824	21
824	45
825	1945
825	742
825	4
825	1946
825	10
825	91
825	33
825	105
826	1580
826	663
826	1070
826	1055
826	12
826	91
826	21
826	1013
826	353
826	33
827	398
827	19
827	241
827	12
827	13
827	11
827	45
827	4
827	14
828	15
828	141
828	19
828	2
828	4
828	14
828	12
828	13
828	11
828	241
828	45
828	33
828	22
829	253
829	19
829	22
829	21
829	4
829	20
829	14
829	12
829	7
829	13
829	11
829	33
830	315
830	19
830	126
830	12
830	444
831	186
831	19
831	7
831	12
831	13
831	4
831	14
831	324
831	393
831	245
832	763
832	1200
832	4
832	14
832	45
832	12
832	13
832	21
832	33
833	763
833	19
833	4
833	45
833	12
833	21
833	22
834	763
834	53
834	19
834	4
834	14
834	45
834	12
834	13
834	21
834	33
835	144
835	763
835	204
835	872
835	128
835	14
835	91
835	320
835	22
836	763
836	1947
836	12
836	427
836	106
837	763
837	742
837	14
837	106
837	12
837	91
837	33
838	763
838	1948
838	14
838	12
838	85
839	414
839	146
839	763
839	14
839	36
839	21
839	12
839	33
840	763
840	256
840	521
840	625
840	125
840	125
840	1949
840	36
840	102
840	1950
840	696
840	12
840	821
841	847
841	508
841	36
841	4
841	102
841	55
841	12
841	13
841	11
841	116
841	33
842	884
842	440
842	621
842	448
842	599
842	553
842	91
842	33
843	1780
843	4
843	1180
843	10
843	33
843	102
843	175
844	218
844	206
844	205
844	621
844	91
844	599
844	34
845	1951
845	599
845	91
845	19
845	22
845	167
845	56
846	1952
846	599
846	91
846	448
846	7
847	1248
847	206
847	1237
847	7
847	91
847	599
847	448
848	1398
848	16
848	438
848	19
848	1208
848	17
848	4
848	14
848	11
848	22
848	12
848	13
848	45
848	75
849	2
849	3
849	22
849	113
849	10
849	13
849	4
849	14
849	427
849	1525
849	4
850	1398
850	1953
850	45
850	91
850	10
850	11
850	14
850	4
850	22
850	324
850	13
850	12
850	163
851	1954
851	1642
851	773
851	767
851	18
851	190
851	4
851	14
851	101
851	318
851	91
851	12
851	85
851	128
851	167
852	3
852	24
852	148
852	219
852	1920
852	19
852	105
852	12
852	397
852	238
853	284
853	1157
853	1046
853	102
853	4
853	905
853	10
853	91
853	106
853	33
854	1158
854	1642
854	280
854	10
854	13
854	91
854	22
854	4
854	14
854	245
854	1525
854	4
855	1158
855	515
855	4
855	14
855	45
855	649
855	12
855	13
855	11
856	40
856	2
856	1158
856	508
856	22
856	4
856	14
856	12
856	33
857	381
857	1158
857	4
857	14
857	102
857	10
857	113
857	91
857	13
857	22
857	7
857	1525
857	4
858	145
858	664
858	19
858	7
858	12
858	11
858	13
858	10
858	4
858	14
858	91
858	22
858	167
858	1347
858	383
859	571
859	701
859	12
859	11
859	13
859	427
859	19
859	687
860	32
860	54
860	206
860	389
860	36
860	45
860	4
860	14
860	12
860	13
860	10
860	11
860	21
861	829
861	32
861	94
861	4
861	14
861	45
861	12
861	13
861	11
861	91
861	22
861	19
862	557
862	32
862	36
862	4
862	14
862	45
862	11
862	12
862	13
862	91
862	22
862	33
863	32
863	40
863	2
863	144
863	36
863	4
863	45
863	12
863	13
863	21
863	91
863	22
864	32
864	398
864	36
864	4
864	14
864	12
864	13
864	11
864	21
864	33
865	32
865	1955
865	36
865	4
865	14
865	102
865	45
865	55
865	12
865	13
865	21
865	33
866	557
866	32
866	36
866	4
866	14
866	11
866	12
866	13
866	45
866	21
867	32
867	665
867	36
867	4
867	11
867	45
867	12
867	13
867	21
867	55
867	14
867	33
868	32
868	134
868	36
868	144
868	19
868	4
868	55
868	12
868	13
868	21
868	22
868	33
868	45
869	32
869	707
869	42
869	144
869	36
869	4
869	14
869	45
869	12
869	13
869	21
869	11
869	33
870	79
870	1431
870	14
870	1956
870	302
870	12
870	91
870	599
870	448
870	447
871	79
871	1431
871	14
871	1956
871	302
871	12
871	91
871	599
871	448
871	447
872	49
872	103
872	104
872	562
872	12
872	11
872	56
872	135
872	126
873	40
873	43
873	2
873	46
873	219
873	25
873	437
873	17
873	157
873	44
873	10
873	4
873	14
873	11
873	33
873	19
873	772
873	1525
873	4
874	575
874	725
874	19
874	373
874	11
874	4
874	14
874	12
874	21
874	22
874	13
875	1748
875	111
875	102
875	95
875	103
875	22
875	10
875	238
875	33
876	173
876	111
876	4
876	10
876	14
876	113
876	12
876	13
876	91
877	1398
877	45
877	12
877	13
877	318
877	21
877	11
877	22
878	117
878	254
878	54
878	22
878	12
878	11
878	4
878	14
878	102
878	10
878	91
878	116
878	45
879	398
879	45
879	19
879	22
879	13
879	12
879	11
879	383
880	40
880	13
880	55
880	91
880	4
880	14
880	113
880	10
880	33
881	573
881	4
881	14
881	101
881	45
881	10
881	12
881	13
881	91
881	116
882	43
882	737
882	142
882	104
882	10
882	12
882	13
882	21
882	11
882	91
882	116
882	102
882	247
882	14
882	4
882	55
882	245
883	520
883	125
883	83
883	25
883	44
883	7
883	12
883	11
883	33
883	102
883	4
883	687
884	955
884	254
884	101
884	22
884	19
884	12
884	13
884	4
884	28
884	11
884	20
884	102
885	112
885	1957
885	4
885	102
885	181
885	498
885	14
885	91
885	12
885	4
885	1958
885	266
886	72
886	111
886	25
886	292
886	125
886	12
886	91
886	10
886	116
886	9
886	85
886	4
886	14
886	102
886	22
886	33
887	1959
887	111
887	25
887	292
887	125
887	12
887	91
887	10
887	116
887	9
887	85
887	4
887	14
887	102
887	22
887	33
888	266
888	379
888	36
888	17
888	649
888	12
888	13
888	116
888	21
888	22
888	45
889	1141
889	4
889	106
889	121
889	91
890	49
890	45
890	11
890	10
890	55
890	12
890	383
890	91
890	163
891	284
891	101
891	32
891	1264
891	256
891	525
891	102
891	354
891	4
891	14
891	12
891	11
891	318
891	13
891	91
891	142
891	1609
891	22
891	241
891	45
891	649
892	955
892	174
892	256
892	525
892	4
892	102
892	14
892	101
892	499
892	91
892	1328
892	12
892	13
892	22
892	649
892	19
893	46
893	2
893	19
893	4
893	14
893	10
893	91
893	12
893	13
893	21
893	22
893	45
893	102
894	43
894	554
894	431
894	154
894	2
894	266
894	36
894	116
894	55
894	12
894	4
894	11
894	14
894	129
894	890
894	10
894	45
895	547
895	1209
895	44
895	264
895	144
895	19
895	4
895	14
895	10
895	20
895	245
895	12
895	13
895	22
895	401
896	882
896	1046
896	19
896	4
896	102
896	21
896	91
896	33
896	167
896	105
897	381
897	241
897	19
897	168
897	13
897	12
897	113
897	553
897	7
898	438
898	418
898	20
898	91
898	19
898	22
899	571
899	174
899	102
899	14
899	701
899	616
899	12
899	19
899	21
899	13
899	4
899	22
899	383
899	97
900	266
900	19
900	431
900	554
900	2
900	154
900	91
900	12
900	4
900	14
900	55
900	10
900	116
900	33
901	578
901	129
901	833
901	131
901	55
901	277
901	10
901	12
901	11
901	91
901	4
902	1960
902	1961
902	280
902	10
902	91
902	7
902	4
902	14
902	55
902	5
903	1962
903	14
903	102
903	101
903	757
903	10
903	1963
903	106
903	12
904	1753
904	22
904	2
904	25
904	7
904	113
904	5
904	116
904	102
904	10
904	4
904	1525
904	4
905	398
905	44
905	968
905	36
905	5
905	4
905	14
905	102
905	91
905	45
905	13
906	409
906	7
906	10
906	4
906	14
906	11
906	318
906	91
906	374
907	557
907	36
907	5
907	91
907	4
907	14
907	102
907	241
907	13
907	649
907	45
907	11
908	1964
908	877
908	103
908	45
908	13
908	14
908	33
908	91
908	11
909	1398
909	25
909	160
909	5
909	4
909	14
909	399
909	91
909	11
909	45
909	649
909	13
910	323
910	10
910	12
910	889
910	55
910	129
910	4
910	14
910	91
910	11
911	72
911	270
911	36
911	19
911	4
911	21
911	116
911	649
911	12
911	10
911	13
911	22
911	20
911	11
912	1793
912	2
912	36
912	19
912	639
912	14
912	55
912	12
912	13
912	21
912	33
912	116
913	431
913	26
913	46
913	59
913	17
913	2
913	254
913	25
913	7
913	4
913	14
913	10
913	113
913	91
913	20
913	28
914	829
914	43
914	2
914	19
914	17
914	36
914	4
914	14
914	11
914	12
914	13
914	21
914	22
915	557
915	437
915	25
915	174
915	2
915	17
915	101
915	4
915	14
915	19
915	12
915	13
915	11
915	22
915	45
915	649
916	46
916	437
916	16
916	2
916	1144
916	174
916	19
916	4
916	14
916	55
916	11
916	12
916	13
916	21
916	22
916	45
916	241
917	321
917	36
917	4
917	55
917	320
917	245
917	280
917	12
917	116
917	14
917	20
918	467
918	12
918	116
918	13
918	4
918	33
918	344
918	427
918	36
918	320
918	20
918	113
918	128
919	186
919	36
919	4
919	14
919	12
919	113
919	116
919	21
919	320
919	55
919	33
919	20
920	57
920	14
920	4
920	36
920	12
920	121
920	21
920	37
921	266
921	125
921	125
921	216
921	34
921	12
921	13
921	4
921	14
921	33
921	22
921	113
921	91
921	121
922	431
922	184
922	1965
922	102
922	14
922	12
922	10
922	11
923	557
923	19
923	4
923	14
923	11
923	287
923	21
923	116
923	33
923	13
923	583
923	12
924	2
924	1784
924	292
924	1530
924	12
924	11
924	1478
924	21
924	4
924	14
924	22
925	117
925	352
925	91
925	121
925	12
925	13
925	22
926	571
926	12
926	13
926	11
926	22
926	19
926	45
927	412
927	219
927	1298
927	95
927	125
927	4
927	12
927	91
927	85
927	22
927	238
928	412
928	1580
928	281
928	36
928	10
928	12
928	91
928	320
928	325
928	238
928	128
928	1055
928	22
929	148
929	262
929	12
929	21
929	13
929	20
929	4
929	14
930	420
930	19
930	7
930	28
930	4
930	14
930	12
930	11
930	22
930	167
931	428
931	1966
931	1167
931	4
931	14
931	102
931	12
931	37
931	11
931	10
931	91
931	101
931	33
932	40
932	398
932	2
932	19
932	174
932	4
932	14
932	22
932	12
932	11
932	13
932	21
933	398
933	15
933	153
933	13
933	12
933	21
933	22
933	45
934	829
934	256
934	968
934	101
934	959
934	4
934	14
934	10
934	11
934	12
934	13
934	45
934	91
934	1328
934	33
935	43
935	440
935	318
935	10
935	4
935	14
935	11
935	91
935	13
935	22
935	33
936	761
936	582
936	36
936	4
936	14
936	11
936	5
936	10
936	55
936	12
936	13
936	91
936	33
936	45
937	15
937	186
937	181
937	25
937	19
937	329
937	22
937	11
937	12
937	13
937	91
937	10
937	45
938	46
938	134
938	19
938	4
938	14
938	649
938	45
938	22
938	12
938	13
938	11
938	1525
938	4
939	621
939	468
939	530
939	1398
939	42
939	4
939	14
939	102
939	45
939	12
939	13
939	11
939	55
939	22
940	15
940	43
940	438
940	19
940	4
940	14
940	55
940	22
940	12
940	13
940	21
941	1021
941	1039
941	17
941	128
941	12
941	91
941	22
942	420
942	508
942	9
942	19
942	11
942	13
942	21
942	14
942	22
942	20
942	33
943	46
943	51
943	567
943	12
943	13
943	45
943	22
943	10
943	1525
943	4
944	1967
944	508
944	12
944	11
944	116
944	33
944	4
944	14
944	33
945	266
945	46
945	219
945	437
945	2
945	16
945	44
945	19
945	241
945	22
945	12
945	13
945	113
945	4
945	14
945	7
946	547
946	19
946	22
946	241
946	20
946	12
946	113
946	55
946	13
946	4
946	14
946	102
946	36
947	1757
947	19
947	25
947	17
947	22
947	12
947	4
947	14
947	245
947	7
948	398
948	2
948	19
948	174
948	36
948	4
948	14
948	12
948	13
948	11
948	21
948	1335
948	22
948	45
948	10
949	920
949	19
949	241
949	4
949	14
949	12
949	20
949	427
949	639
949	13
949	33
949	116
950	40
950	396
950	19
950	245
950	11
950	13
950	12
950	167
950	22
950	4
950	14
950	10
951	40
951	16
951	19
951	398
951	134
951	2
951	241
951	4
951	14
951	13
951	33
951	113
951	12
951	10
951	20
952	547
952	2
952	19
952	254
952	241
952	36
952	12
952	113
952	55
952	13
952	22
952	4
952	14
952	33
952	20
953	955
953	2
953	22
953	19
953	14
953	20
953	13
953	11
953	33
953	4
953	12
954	409
954	144
954	17
954	254
954	1968
954	12
954	280
954	7
954	22
954	4
954	14
954	102
954	91
954	116
954	245
955	836
955	438
955	1969
955	19
955	36
955	13
955	12
955	11
955	33
955	167
955	163
955	4
955	14
955	33
956	145
956	1970
956	167
956	10
956	129
956	523
956	11
956	5
956	19
956	14
956	4
956	102
956	33
957	49
957	129
957	22
957	12
957	13
957	10
957	91
957	1971
958	446
958	22
958	55
958	11
958	19
958	10
958	12
958	1972
959	766
959	1605
959	10
959	4
959	14
959	12
959	280
959	129
959	55
959	167
959	22
960	788
960	930
960	19
960	36
960	241
960	12
960	13
960	21
960	11
960	4
960	14
960	102
960	22
960	20
961	40
961	4
961	14
961	10
961	11
961	245
961	19
961	22
961	437
961	1869
961	12
962	117
962	12
962	10
962	280
962	13
962	4
962	14
962	245
962	19
962	22
962	1973
962	1869
963	796
963	19
963	12
963	13
963	1974
963	21
963	22
963	4
963	116
963	45
963	33
964	796
964	19
964	45
964	4
964	33
964	11
964	14
964	324
964	13
964	12
964	163
965	43
965	101
965	55
965	277
965	11
965	12
965	13
965	10
965	33
965	116
965	91
965	14
965	102
965	4
965	7
966	156
966	849
966	678
966	807
966	18
966	521
966	4
966	102
966	12
966	37
966	275
966	91
966	33
967	156
967	1975
967	678
967	807
967	18
967	521
967	4
967	102
967	12
967	37
967	275
967	91
967	33
968	19
968	1816
968	91
968	13
968	1502
969	284
969	2
969	134
969	19
969	174
969	17
969	25
969	36
969	4
969	14
969	22
969	11
969	12
969	13
969	21
970	1976
970	1624
970	45
970	13
970	91
970	12
970	14
970	11
971	303
971	19
971	1334
971	302
971	361
971	174
971	22
971	91
971	7
972	46
972	43
972	19
972	4
972	14
972	11
972	12
972	13
972	22
972	45
972	1525
972	4
973	284
973	437
973	105
973	4
973	14
973	25
973	157
973	128
973	19
973	36
973	12
973	106
973	21
973	33
974	1977
974	32
974	14
974	353
974	1978
975	547
975	19
975	254
975	148
975	22
975	241
975	4
975	14
975	11
975	10
975	55
975	12
975	13
975	383
975	20
976	1979
976	43
976	49
976	26
976	1869
976	1980
976	12
976	44
976	11
976	4
976	14
977	114
977	115
977	12
977	13
977	21
977	11
977	22
977	14
977	20
978	1680
978	44
978	1839
978	12
978	37
978	4
978	14
979	125
979	125
979	80
979	11
979	12
979	102
979	14
979	4
979	37
980	1981
980	1046
980	190
980	256
980	12
980	19
980	105
980	106
980	14
980	33
980	91
980	21
980	1982
980	128
981	78
981	43
981	47
981	17
981	576
981	12
981	13
981	390
981	383
982	1845
982	663
982	12
982	10
982	13
982	116
982	102
982	55
982	33
982	45
983	1845
983	663
983	12
983	45
983	13
983	116
983	21
983	33
983	22
983	4
983	102
984	663
984	1845
984	12
984	116
984	13
984	102
984	33
984	45
984	21
984	1327
984	4
985	508
985	675
985	4
985	55
985	12
985	13
985	116
986	520
986	675
986	12
986	7
986	113
986	33
987	19
987	2
987	46
987	254
987	174
987	5
987	10
987	113
987	13
987	12
987	4
987	55
987	14
987	20
988	16
988	1983
988	44
988	25
988	45
988	10
988	91
988	373
988	22
988	12
988	11
988	4
988	14
988	13
988	56
988	163
989	437
989	700
989	19
989	383
989	4
989	14
989	45
989	11
989	13
989	378
989	22
990	1398
990	1984
990	12
990	13
990	21
990	649
990	178
991	197
991	102
991	4
991	14
991	12
991	13
991	649
991	949
991	318
991	1328
991	5
991	499
991	91
992	700
992	222
992	25
992	178
992	4
992	14
992	102
992	13
992	12
992	21
992	22
992	329
992	672
992	113
992	91
992	7
993	763
993	36
993	102
993	12
993	13
993	116
993	33
994	520
994	36
994	14
994	12
994	10
994	116
994	13
994	55
994	45
995	19
995	1985
995	4
995	12
995	21
996	1460
996	140
996	1163
996	19
996	167
996	12
996	91
996	11
996	1986
996	1062
996	1013
996	23
996	1987
997	2
997	36
997	254
997	19
997	505
997	12
997	10
997	116
997	13
997	14
997	102
997	11
997	33
997	1327
997	4
997	267
997	91
997	21
998	155
998	254
998	54
998	101
998	10
998	11
998	91
998	116
998	21
998	22
998	4
998	102
998	14
998	649
998	12
998	390
998	13
999	284
999	4
999	14
999	55
999	12
999	91
999	268
999	101
999	11
999	116
999	37
999	509
1000	1988
1000	4
1000	102
1000	95
1000	21
1000	12
1001	386
1001	36
1001	55
1001	129
1001	33
1001	91
1001	4
1001	14
1001	102
1001	22
1001	12
1001	116
1001	13
1001	390
1002	602
1002	4
1002	95
1002	102
1002	19
1002	85
1002	12
1002	320
1002	167
1003	2
1003	36
1003	55
1003	129
1003	10
1003	91
1003	4
1003	14
1003	102
1003	22
1003	116
1003	13
1003	45
1004	79
1004	134
1004	1989
1004	12
1004	13
1004	397
1004	320
1004	11
1004	19
1005	34
1005	12
1005	4
1005	14
1005	1990
1005	949
1005	91
1006	691
1006	14
1006	4
1006	523
1006	280
1006	28
1006	20
1006	12
1006	13
1006	91
1006	1991
1007	437
1007	19
1007	175
1007	12
1007	13
1007	287
1007	401
1007	1658
1008	156
1008	181
1008	14
1008	12
1008	85
1009	181
1009	156
1009	103
1009	4
1009	101
1009	281
1009	238
1009	10
1009	33
1009	106
1009	91
1009	12
1010	156
1010	190
1010	181
1010	841
1010	25
1010	1992
1010	12
1010	419
1010	91
1010	33
1011	1993
1011	17
1011	264
1011	44
1011	43
1011	12
1011	280
1011	401
1011	167
1011	1347
1011	7
1011	19
1012	955
1012	46
1012	81
1012	40
1012	2
1012	12
1012	13
1012	45
1013	59
1013	437
1013	2
1013	19
1013	25
1013	4
1013	14
1013	241
1013	12
1013	13
1013	21
1013	22
1013	45
1014	117
1014	62
1014	25
1014	44
1014	18
1014	95
1014	12
1014	10
1014	11
1014	116
1014	91
1015	150
1015	409
1015	333
1015	329
1015	663
1015	12
1015	4
1015	14
1015	102
1015	55
1015	101
1015	374
1015	91
1015	263
1016	19
1016	9
1016	20
1016	4
1016	14
1016	102
1016	10
1016	116
1016	11
1016	13
1016	22
1017	156
1017	439
1017	32
1017	4
1017	14
1017	10
1017	12
1017	113
1017	22
1017	55
1017	7
1018	117
1018	4
1018	102
1018	14
1018	10
1018	383
1018	5
1018	33
1019	40
1019	20
1019	148
1019	1154
1019	22
1019	36
1019	10
1019	14
1019	4
1019	102
1019	7
1019	55
1020	145
1020	26
1020	17
1020	25
1020	13
1020	10
1020	12
1020	4
1020	113
1020	14
1021	379
1021	22
1021	4
1021	10
1021	14
1021	12
1021	28
1021	113
1021	7
1021	13
1022	767
1022	22
1022	13
1022	91
1022	4
1022	28
1022	10
1022	102
1022	33
1022	113
1022	12
1022	7
1023	16
1023	400
1023	17
1023	19
1023	22
1023	13
1023	12
1023	4
1023	20
1023	14
1023	21
1023	113
1024	77
1024	43
1024	12
1024	13
1024	21
1024	10
1024	113
1024	4
1024	33
1024	14
1024	1525
1024	4
1025	219
1025	16
1025	398
1025	2
1025	44
1025	53
1025	19
1025	17
1025	25
1025	13
1025	113
1025	28
1025	22
1025	33
1025	12
1026	192
1026	19
1026	22
1026	7
1026	33
1026	113
1026	14
1026	13
1026	4
1026	12
1026	116
1027	15
1027	18
1027	1994
1027	91
1027	33
1027	75
1028	829
1028	959
1028	361
1028	1647
1028	19
1028	378
1028	241
1028	45
1028	12
1028	13
1028	11
1029	1995
1029	1105
1029	190
1029	14
1029	4
1029	7
1029	12
1029	13
1029	21
1029	245
1030	284
1030	53
1030	1996
1030	103
1030	14
1030	373
1030	12
1030	13
1030	11
1030	116
1030	1997
1031	16
1031	1998
1031	675
1031	19
1031	22
1031	113
1031	14
1031	12
1031	33
1032	40
1032	1200
1032	19
1032	36
1032	45
1032	4
1032	12
1032	13
1032	21
1032	33
1032	10
1033	203
1033	17
1033	1999
1033	4
1033	21
1033	509
1033	12
1033	37
1034	16
1034	25
1034	17
1034	19
1034	12
1034	21
1034	13
1034	22
1035	437
1035	16
1035	2
1035	19
1035	4
1035	14
1035	7
1035	113
1035	12
1035	22
1035	33
1036	956
1036	16
1036	2
1036	19
1036	22
1036	26
1036	17
1036	47
1036	12
1036	13
1036	113
1036	427
1036	639
1036	28
1036	4
1036	102
1036	20
1036	33
1037	852
1037	155
1037	26
1037	725
1037	11
1037	1820
1037	245
1037	12
1037	13
1037	21
1037	28
1037	553
1038	134
1038	1672
1038	19
1038	115
1038	22
1038	4
1038	14
1038	11
1038	55
1038	12
1038	13
1038	427
1038	390
1039	134
1039	19
1039	36
1039	12
1039	4
1039	14
1039	55
1039	13
1039	22
1039	33
1040	174
1040	437
1040	438
1040	19
1040	13
1040	12
1040	22
1040	20
1040	36
1041	43
1041	46
1041	19
1041	148
1041	156
1041	25
1041	43
1041	22
1041	254
1041	144
1041	17
1041	55
1041	888
1041	12
1041	4
1041	14
1041	11
1041	13
1042	1642
1042	432
1042	190
1042	44
1042	12
1042	13
1042	11
1042	21
1042	239
1042	14
1042	4
1042	126
1042	28
1042	245
1043	15
1043	16
1043	1739
1043	19
1043	241
1043	22
1043	45
1043	12
1043	13
1043	33
1043	4
1043	14
1043	11
1044	1398
1044	17
1044	691
1044	48
1044	44
1044	153
1044	1200
1044	12
1044	13
1044	22
1044	45
1045	15
1045	25
1045	17
1045	81
1045	318
1045	12
1045	397
1045	22
1045	45
1046	117
1046	2
1046	12
1046	11
1046	104
1046	10
1046	4
1046	14
1046	102
1046	509
1046	55
1046	128
1046	22
1047	849
1047	36
1047	12
1047	13
1047	91
1047	116
1047	33
1048	49
1048	22
1048	303
1048	872
1048	18
1048	247
1048	55
1048	113
1048	116
1048	12
1048	427
1048	102
1048	1525
1048	4
1049	219
1049	218
1049	4
1049	2000
1049	12
1049	142
1049	33
1050	46
1050	81
1050	247
1050	10
1050	12
1050	91
1050	13
1050	102
1050	33
1050	116
1050	1609
1051	270
1051	190
1051	54
1051	573
1051	151
1051	18
1051	247
1051	12
1051	10
1051	13
1051	116
1051	91
1051	1609
1052	272
1052	83
1052	34
1052	12
1052	102
1052	247
1053	272
1053	12
1053	116
1053	13
1053	33
1053	102
1054	2001
1054	1141
1054	12
1054	106
1054	91
1054	2002
1055	2003
1055	437
1055	766
1055	85
1055	12
1055	21
1055	105
1055	174
1056	43
1056	22
1056	10
1056	14
1056	4
1056	12
1056	113
1056	55
1056	877
1056	7
1057	398
1057	18
1057	25
1057	11
1057	12
1057	13
1057	4
1057	14
1058	77
1058	43
1058	246
1058	280
1058	4
1058	14
1058	10
1058	238
1058	13
1059	221
1059	254
1059	264
1059	91
1059	10
1059	4
1059	14
1059	5
1059	280
1059	20
1060	1019
1060	12
1060	10
1060	7
1061	428
1061	11
1061	10
1061	877
1061	91
1061	13
1061	37
1061	4
1061	102
1061	22
1061	45
1062	398
1062	16
1062	54
1062	22
1062	19
1062	237
1062	91
1062	12
1062	13
1062	639
1062	427
1062	116
1062	11
1062	20
1063	40
1063	16
1063	533
1063	19
1063	4
1063	14
1063	12
1063	13
1063	22
1063	20
1063	1525
1063	4
1064	186
1064	43
1064	2
1064	1144
1064	174
1064	19
1064	53
1064	4
1064	14
1064	639
1064	427
1064	22
1064	11
1064	12
1064	13
1064	21
1065	571
1065	14
1065	4
1065	85
1065	12
1065	13
1065	21
1065	19
1065	2004
1065	17
1065	36