0.90592 1309.9
0.89755 1543.7
0.88442 1105.2
0.86679 538.46
0.83845 1307.4
0.87747 1131.8
0.84737 1193.2
0.83685 1441.7
0.94407 693.89
0.86366 663.17
0.89241 769.21
0.86125 1427
0.89856 1045
0.94612 236.14
0.88181 468.92
0.92183 1011.6
0.92182 776.57
0.90121 562.08
0.86219 705.56
0.85815 665.61
0.89076 730.26
0.86964 532.61
0.86747 1161.7
0.90284 1048.1
0.89758 146.1
0.87493 670.05
0.90625 325.61
0.8833 580.94
0.92998 1054.2
0.92578 2321.7
0.87256 2543.3
0.86074 1420.6
0.82829 2041.5
0.87546 1573.7
0.89569 2046.6
0.88258 1495.5
0.89289 712.5
0.87869 871.76
0.89517 839.21
0.87587 454
0.85747 698.93
0.89811 557.68
0.90893 300.52
0.88989 312.19
0.87867 1746.6
0.87941 728.9
0.87166 1552.2
0.89856 1213.3
0.87994 266.17
0.88993 610.96
0.90307 169.13
0.8871 886.38
0.87616 402.28
0.85701 1436.8
0.87888 683.74
0.87726 890.33
0.89417 1035.1
0.84108 670.26
0.80911 468.75
0.79964 445.49
0.84377 449.05
0.9232 285.76
0.82885 378.04
0.86605 1873.1
0.88989 260.18
0.84054 610.76
0.94909 366.2
0.93069 1493.1
0.89801 1888.8
0.87601 900.19
0.86986 1558.7
0.90363 1125.7
0.93147 1341.1
0.88405 898.27
0.93577 843.68
0.89349 1049.9
0.93081 1064.7
0.88839 1248.4
0.88313 2604.5
0.85007 2182.4
0.81495 3281.7
0.78588 3012.1
0.79287 3463.2
0.80365 3230.9
0.86785 2850.2
0.77664 2905.7
0.82311 2988.6
0.7909 2766.8
0.85361 3268.8
0.80868 3017.9
0.90926 2417.2
0.91061 415.62
0.86263 1099.4
0.81389 1639.5
0.81359 863.79
0.77889 1455
0.83818 1098.5
0.87459 1077.5
0.82222 796.03
0.91374 1247.5
0.88197 822.6
0.81817 1099.4
0.8689 1066
0.90647 406.24
0.82624 2191.9
0.92315 1071.3
0.91003 750.89
0.88547 1671.5
0.846 1348.6
0.83776 1763.1
0.87822 1550.6
0.91574 1177.7
0.88402 1227.9
0.93058 1896.7
0.88932 1069.4
0.86362 1612.3
0.87773 1320.2
0.93106 1083.6
0.8527 1713
0.90578 710.38
0.86437 360.96
0.80545 951.6
0.84219 1298
0.83656 566.99
0.82353 1107.5
0.87066 789.33
0.83399 738.72
0.83189 468.41
0.84475 1401.6
0.87853 469.11
0.87557 826.61
0.82 710.26
0.8834 617.5
0.80439 2445.1
0.86287 355.78
0.86164 804.42
