0.90592 3.3
0.89755 8.1
0.88442 4.8
0.86679 1.7
0.83845 1.6
0.87747 6.4
0.84737 5.6
0.83685 2.3
0.94407 2.5
0.86366 3.9
0.89241 2.3
0.86125 1
0.89856 5.8
0.94612 0.6
0.88181 3.3
0.92183 3.2
0.92182 0.1
0.90121 4.9
0.86219 1.5
0.85815 2.4
0.89076 0.9
0.86964 1.4
0.86747 1.9
0.90284 6.7
0.89758 0.3
0.87493 4.2
0.90625 0.9
0.8833 1.8
0.92998 8.6
0.92578 11.9
0.87256 16.7
0.86074 10.3
0.82829 14.2
0.87546 10.9
0.89569 11.8
0.88258 10
0.89289 2.5
0.87869 0.8
0.89517 5.6
0.87587 0.8
0.85747 3.1
0.89811 0.2
0.90893 0.7
0.88989 1.1
0.87867 11.1
0.87941 1.7
0.87166 1.6
0.89856 6.4
0.87994 0
0.88993 3.9
0.90307 0.6
0.8871 1.5
0.87616 0.3
0.85701 10.3
0.87888 0.8
0.87726 3.6
0.89417 0.3
0.84108 4.5
0.80911 1.9
0.79964 2
0.84377 1.3
0.9232 0.4
0.82885 2.2
0.86605 12.2
0.88989 1.1
0.84054 1.9
0.94909 2.3
0.93069 5.6
0.89801 10.4
0.87601 4
0.86986 7.9
0.90363 4.6
0.93147 5.5
0.88405 3.7
0.93577 6.3
0.89349 4.8
0.93081 4
0.88839 5.9
0.88313 8.7
0.85007 12
0.81495 16.8
0.78588 10.4
0.79287 14.3
0.80365 11
0.86785 11.9
0.77664 10.1
0.82311 0.1
0.7909 11.2
0.85361 10.4
0.80868 12.3
0.90926 6.4
0.91061 0.7
0.86263 4
0.81389 8.8
0.81359 2.4
0.77889 6.3
0.83818 3
0.87459 3.9
0.82222 2.1
0.91374 7.9
0.88197 3.2
0.81817 2.4
0.8689 4.3
0.90647 1.6
0.82624 8
0.92315 5.65
0.91003 8.95
0.88547 13.75
0.846 7.35
0.83776 11.25
0.87822 7.95
0.91574 8.85
0.88402 7.05
0.93058 2.95
0.88932 8.15
0.86362 7.35
0.87773 9.25
0.93106 3.35
0.8527 3.05
0.90578 4.95
0.86437 0.6
0.80545 2.7
0.84219 7.5
0.83656 1.1
0.82353 5
0.87066 1.7
0.83399 2.6
0.83189 0.8
0.84475 9.2
0.87853 1.9
0.87557 1.1
0.82 3
0.8834 2.9
0.80439 9.3
0.86287 1.3
0.86164 6.25
