0 0.90592 0.89755 0.86679 0.84737 0.89241 0.92183 0.86964 0.92998 0.73546 0.89289 0.87941 0.87726 0.94909 0.81845 0.88313 0.91061 0.92315 0.86437 0.73782
0 0 0.88442 0.83845 0.83685 0.86125 0.92182 0.86747 0.92578 0.7603 0.87869 0.87166 0.89417 0.93069 0.83545 0.85007 0.86263 0.91003 0.80545 0.75611
0 0 0 0.87747 0.94407 0.89856 0.90121 0.90284 0.87256 0.83141 0.89517 0.89856 0.84108 0.89801 0.84497 0.81495 0.81389 0.88547 0.84219 0.72242
0 0 0 0 0.86366 0.94612 0.86219 0.89758 0.86074 0.68832 0.87587 0.87994 0.80911 0.87601 0.79175 0.78588 0.81359 0.846 0.83656 0.65747
0 0 0 0 0 0.88181 0.85815 0.87493 0.82829 0.80351 0.85747 0.88993 0.79964 0.86986 0.81677 0.79287 0.77889 0.83776 0.82353 0.63764
0 0 0 0 0 0 0.89076 0.90625 0.87546 0.7117 0.89811 0.90307 0.84377 0.90363 0.79392 0.80365 0.83818 0.87822 0.87066 0.65414
0 0 0 0 0 0 0 0.8833 0.89569 0.75957 0.90893 0.8871 0.9232 0.93147 0.81112 0.86785 0.87459 0.91574 0.83399 0.69618
0 0 0 0 0 0 0 0 0.88258 0.8124 0.88989 0.87616 0.82885 0.88405 0.79842 0.77664 0.82222 0.88402 0.83189 0.70361
0 0 0 0 0 0 0 0 0 0.73724 0.87867 0.85701 0.86605 0.93577 0.8357 0.82311 0.91374 0.93058 0.84475 0.75964
0 0 0 0 0 0 0 0 0 0 0.72367 0.7254 0.72074 0.74251 0.72437 0.65653 0.6676 0.75155 0.63905 0.67541
0 0 0 0 0 0 0 0 0 0 0 0.87888 0.88989 0.89349 0.78988 0.7909 0.88197 0.88932 0.87853 0.69583
0 0 0 0 0 0 0 0 0 0 0 0 0.84054 0.93081 0.80992 0.85361 0.81817 0.86362 0.87557 0.66192
0 0 0 0 0 0 0 0 0 0 0 0 0 0.88839 0.76636 0.80868 0.8689 0.87773 0.82 0.68031
0 0 0 0 0 0 0 0 0 0 0 0 0 0 0.83897 0.90926 0.90647 0.93106 0.8834 0.71117
0 0 0 0 0 0 0 0 0 0 0 0 0 0 0 0.7647 0.75732 0.82167 0.73174 0.70888
0 0 0 0 0 0 0 0 0 0 0 0 0 0 0 0 0.82624 0.8527 0.80439 0.64706
0 0 0 0 0 0 0 0 0 0 0 0 0 0 0 0 0 0.90578 0.86287 0.73563
0 0 0 0 0 0 0 0 0 0 0 0 0 0 0 0 0 0 0.86164 0.72891
0 0 0 0 0 0 0 0 0 0 0 0 0 0 0 0 0 0 0 0.59464
0 0 0 0 0 0 0 0 0 0 0 0 0 0 0 0 0 0 0 0
