7
679
33
5005
199
2
1234
39
71
2762
2955
6814
4906
4810
86
436
876
263
2248
1467
2261
3133
32
68
1013
230
11
505
8
15
19
186
2387
372
33
802
540
48
12
334
5
51
687
944
1041
213
102
34
55
13
46
4
149
376
1214
90
16
97
66
165
1
161
5
2
2
2
2
2
3
22
2
46
3
2
14
2
54
41
157
38
56
1
47
32
141
31
1
1
1
1
3482
2
34
158
145
2
30
1
1
26
697
1773
212
332
195
117
1
8
9
7
115
97
1055
58
53
1240
105
4
40
3
142
12
26
30
334
68
1
310
284
8
31
1
31
165
22
2
24
20
25
11
25
290
19
267
165
116
84
208
64
23
72
13
142
28
97
99
99
20
9
125
1
5
165
15
44
47
210
18
24
1
37
76
128
260
40
2
49
140
8
6
149
40
2
25
2
131
76
6
23
138
12
35
7
3
22
48
32
1
12
7
1
2
31
77
73
60
15
38
31
4
1
2
51
31
7
71
3
33
141
20
17
209
6
1
2
22
6
1
1
1
1
1
2
8
6
2
200
364
12
3
438
20
3
3
227
38
113
3
4
17
6
10
68
202
39
192
33
4
1
4
3
17
24
167
14
181
33
165
12
13
92
15
27
20
31
9
114
48
3
533
184
1
12
111
54
28
123
7
19
90
16
148
2
10
2
10
1
4
101
88
1
51
64
1
1
3
9
1
1
1
1
3
28
30
72
41
11
221
11
117
32
71
18
63
16
2
1
31
48
33
88
38
14
12
6
19
7
1
3
1
1
17
2
15
9
13
59
1
1
35
17
8
29
19
34
4
34
13
20
1
8
6
8
1
3
15
5
3
10
3
15
11
38
9
11
1
2
52
76
11
23
7
218
12
13
21
7
28
9
71
2
3
18
11
4
40
150
100
15
96
182
13
2
9
1
13
3
1
39
42
1
48
1
35
8
1
21
135
15
7
21
8
1
1
1
11
358
90
10
16
80
44
1
35
2
22
483
145
41
50
6
7
14
89
13
3
14
16
15
21
9
1
1
2
3
2
4
2
2
1
4
5
3
21
5
7
50
73
3
12
1
2
21
21
1
22
3
2
2
2
1
1
3
4
4
4
5
16
1
5
2
1
3
3
1
1
1
13
91
11
3
15
1
7
17
8
14
59
133
19
19
2
2
11
30
1
1
1
10
15
38
7
129
20
10
7
2
7
5
51
2
7
40
4
3
1
11
8
1
3
1
1
2
3
9
5
144
6
2
5
2
1
55
27
1
13
42
28
1
1
5
15
1
1
6
1
9
2
3
35
17
2
36
2
18
41
21
35
1
18
14
7
29
1
1
1
6
16
1
1
2
2
14
1
1
16
3
24
46
5
1
28
3
3
4
7
1
3
3
12
13
2
8
17
1
7
3
5
3
23
51
12
21
6
12
29
1
2
1
1
4
6
2
1
3
10
11
10
80
1
6
6
13
4
11
25
4
1
90
3
4
6
1
7
9
5
7
1
2
42
9
10
71
29
13
11
22
1
2
1
10
14
2
1
66
12
1
7
32
1
3
2
2
3
34
3
38
18
6
1
19
1
2
3
1
23
3
17
1
52
31
2
2
4
2
4
29
1
1
5
6
1
2
5
4
14
6
2
1
2
6
3
8
2
17
1
1
1
2
5
1
1
1
1
2
9
9
1
6
1
2
21
6
1
1
46
3
2
1
2
1
1
2
2
5
2
28
1
1
8
7
1
27
1
1
49
15
5
1
17
5
10
7
1
2
1
1
1
1
1
1
1
1
1
1
1
8
13
12
1
1
1
1
5
10
15
1
1
7
1
14
3
2
1
7
4
26
4
1
19
1
1
3
1
2
3
1
4
8
1
30
2
11
2
4
3
2
1
34
1
1
11
59
9
1
2
2
5
6
3
7
2
2
1
1
1
23
4
15
1
1
29
1
1
1
1
1
7
1
11
1
10
1
4
1
1
3
11
2
1
4
29
1
1
5
4
38
1
1
1
27
14
5
15
1
12
10
32
24
27
4
3
11
1
21
5
3
34
1
1
11
1
1
3
11
1
3
7
1
4
4
1
1
4
1
3
1
7
1
22
2
1
2
30
1
3
19
34
7
10
3
3
10
5
11
1
11
6
1
6
1
6
6
1
5
1
1
2
19
1
2
2
4
4
20
14
1
12
37
3
2
4
22
1
14
1
1
49
1
2
3
3
6
1
1
1
1
1
1
1
2
2
9
2
2
2
2
1
2
4
2
2
7
7
1
1
1
1
1
1
15
5
1
4
1
9
1
1
1
1
2
3
8
1
1
1
8
8
4
26
4
4
1
7
14
1
6
3
2
3
3
1
4
2
1
10
1
6
8
2
1
18
2
3
2
33
6
4
27
1
4
1
2
5
14
1
1
10
1
1
1
8
1
1
7
3
2
1
6
26
7
1
1
1
10
3
5
3
2
1
2
1
6
1
2
6
1
4
1
1
3
4
8
3
1
2
8
1
1
2
2
15
1
9
7
2
1
1
1
2
10
1
2
1
1
1
8
3
1
1
1
1
4
1
1
1
2
1
1
3
2
1
2
12
3
3
1
3
1
8
13
1
3
5
1
1
3
1
1
1
50
1
7
6
1
1
3
52
13
3
7
1
12
1
7
1
7
2
1
10
1
1
1
1
1
1
6
1
1
4
4
1
2
2
3
10
9
40
1
8
14
1
1
2
1
1
21
2
2
11
1
4
1
1
1
1
3
54
17
4
1
10
5
6
1
3
1
1
1
1
1
4
1
8
11
2
2
5
9
1
2
1
3
4
3
1
10
3
1
2
1
3
13
2
1
4
2
2
1
6
10
1
1
6
5
3
2
4
1
1
2
8
1
6
2
1
5
2
1
5
1
12
3
1
2
1
1
1
4
1
2
3
1
1
4
1
6
1
1
2
1
1
6
10
4
2
1
7
1
1
3
1
1
2
2
2
4
1
1
1
1
1
1
3
2
1
1
5
1
1
6
1
2
1
13
1
14
33
2
9
1
2
10
15
15
1
6
1
1
1
2
7
10
1
2
1
25
2
5
1
1
1
1
8
4
2
3
1
3
13
9
1
13
3
1
1
2
1
2
5
1
1
4
1
29
2
1
1
2
6
2
2
10
3
1
12
3
1
3
1
2
2
4
1
1
3
3
60
3
8
2
1
4
10
2
3
2
1
2
1
20
1
2
1
1
5
2
2
6
2
4
2
2
1
2
1
3
3
5
4
4
1
2
2
4
3
10
2
1
1
2
1
1
13
1
1
3
1
2
2
1
4
1
1
1
2
1
1
1
4
1
1
5
1
4
1
1
6
1
3
1
4
1
2
13
2
3
10
11
2
6
5
5
1
1
1
1
1
2
2
1
2
4
2
1
1
1
9
1
1
1
4
2
1
2
1
2
1
1
1
1
1
2
2
1
7
1
1
1
1
2
1
3
3
79
3
1
2
2
20
7
1
1
1
1
34
23
1
1
1
1
1
1
1
1
3
2
6
3
3
1
2
1
1
1
2
4
1
1
1
2
1
4
1
1
3
1
1
2
1
1
3
1
1
1
1
1
1
4
4
1
2
2
2
1
6
1
1
2
6
1
6
1
2
2
4
3
1
1
1
3
1
3
1
34
2
1
17
8
2
1
11
1
1
4
1
1
2
1
1
1
1
2
7
1
2
4
1
2
6
1
1
16
3
1
2
4
1
1
1
6
6
1
5
2
3
8
1
10
4
2
2
1
1
2
2
2
5
1
1
2
1
1
2
3
1
2
2
3
1
1
21
1
2
1
1
2
1
2
3
1
1
4
2
4
1
4
1
6
1
2
2
3
2
1
2
2
1
1
1
1
1
1
1
1
5
2
1
1
1
1
1
1
1
1
1
1
1
1
1
3
1
1
1
1
1
2
3
1
1
1
1
2
1
1
1
1
1
4
1
2
1
1
2
3
1
2
3
1
7
3
2
5
4
1
1
4
1
1
1
1
1
1
15
1
2
2
1
1
1
3
3
2
2
1
2
1
1
2
2
1
1
3
4
2
1
2
1
1
1
1
1
5
1
1
2
1
1
1
3
4
1
1
1
1
2
1
1
1
1
1
1
5
1
1
10
4
1
2
3
2
2
1
4
8
2
2
1
2
2
1
1
1
1
1
2
2
1
3
1
1
2
1
1
5
1
6
1
2
1
1
2
2
1
4
2
1
1
6
1
2
2
2
1
1
4
1
1
4
1
2
1
2
1
1
1
2
2
1
2
1
1
1
1
1
1
1
11
1
1
1
1
1
1
1
1
1
1
1
1
1
2
1
1
4
1
2
1
1
2
1
1
1
1
1
2
1
1
8
3
1
1
1
1
5
1
1
2
1
1
1
1
1
1
1
1
1
1
1
1
1
1
1
2
1
1
1
1
1
1
1
1
1
2
1
2
3
1
2
1
1
1
1
1
2
1
1
1
7
1
1
1
1
1
1
1
1
1
1
1
1
1
1
1
1
1
1
1
1
2
3
1
1
1
6
1
3
1
1
1
1
2
1
1
11
1
1
1
1
8
2
1
4
1
1
1
1
1
7
1
1
1
2
1
2
1
1
2
2
9
1
2
3
3
2
1
7
1
1
2
2
1
3
1
1
5
2
2
2
1
1
2
1
1
1
1
5
4
2
3
1
4
1
1
1
1
3
1
1
1
1
2
1
3
5
1
3
1
1
1
2
1
1
1
1
1
1
2
1
1
1
1
3
2
1
7
1
2
1
2
1
2
2
1
2
1
1
6
2
1
1
1
6
2
3
4
1
3
1
1
1
3
2
1
2
2
1
1
3
2
1
3
1
4
5
2
1
1
1
2
1
1
2
1
1
1
1
1
1
2
2
1
2
1
4
1
2
1
1
1
2
2
5
1
1
1
1
1
1
3
1
2
1
2
1
1
2
1
1
1
1
1
1
2
2
2
2
2
2
3
1
1
1
1
1
1
1
5
1
4
5
1
6
1
1
1
1
1
2
1
1
2
3
1
2
1
1
1
2
1
1
2
2
1
2
1
1
1
6
1
1
1
1
1
1
1
1
2
1
2
1
4
2
1
1
3
2
1
1
1
1
1
1
1
1
1
1
1
1
1
2
1
1
1
1
1
4
1
1
1
1
1
1
1
4
1
3
1
1
1
1
1
2
1
2
1
2
1
1
1
4
1
1
1
1
2
1
2
5
1
1
1
1
1
2
1
1
1
1
1
1
1
1
6
1
2
1
1
1
1
1
1
1
1
1
1
1
2
2
1
2
1
3
3
1
1
1
1
1
1
1
1
1
2
1
2
1
1
1
1
1
1
1
2
3
1
1
1
3
1
2
1
2
1
1
1
1
1
1
2
1
1
2
1
1
1
1
1
4
2
1
1
1
1
1
3
1
1
1
1
1
1
1
1
1
3
1
1
1
1
1
1
1
1
1
1
2
1
1
1
1
1
3
1
1
1
1
1
3
3
1
1
1
1
1
1
1
1
1
1
1
1
4
2
1
1
1
1
1
1
1
1
1
1
1
1
1
4
1
1
1
1
1
1
1
3
1
3
2
1
2
2
1
1
3
2
1
1
1
1
1
1
2
2
1
2
2
2
1
1
3
1
1
2
1
1
1
1
1
1
1
3
2
1
1
1
1
1
1
1
1
1
1
1
1
1
1
1
4
1
2
2
1
1
1
1
1
1
1
1
2
1
1
3
2
4
1
1
1
1
1
1
1
1
1
3
1
1
1
1
2
1
2
1
1
1
1
1
1
1
1
1
1
1
1
1
2
1
1
1
1
2
1
1
1
1
1
1
1
1
1
1
1
1
1
1
5
1
2
1
2
1
1
1
1
1
1
3
1
1
1
1
2
1
1
1
3
3
1
1
1
2
1
1
2
1
1
1
1
1
1
1
1
1
1
1
1
2
1
1
1
1
1
1
1
1
1
1
1
1
1
2
1
1
1
1
1
2
1
1
1
1
1
1
1
1
1
1
1
2
1
1
1
2
2
1
1
1
3
1
2
2
1
2
2
1
1
1
1
1
2
1
1
1
1
1
3
1
1
2
1
2
2
1
2
1
1
1
1
1
1
1
2
1
1
1
1
2
1
2
2
2
1
1
1
1
1
1
1
1
1
1
1
1
1
1
1
1
1
1
1
1
1
1
1
2
1
1
1
1
1
1
1
1
1
3
1
1
1
2
1
1
1
1
1
1
1
1
1
2
1
1
1
1
1
1
1
1
1
1
1
1
1
1
1
1
1
1
1
1
1
1
1
1
1
1
1
1
2
2
2
1
1
1
1
1
1
1
1
1
1
1
2
1
1
1
2
1
1
1
1
1
1
3
1
1
2
1
1
1
1
1
1
1
1
1
3
1
1
1
1
1
1
1
1
1
1
1
1
2
1
1
2
1
1
1
1
1
1
1
1
1
1
1
1
1
2
2
1
1
1
1
1
1
1
1
1
1
1
1
1
1
1
1
1
1
1
1
1
1
1
1
1
1
1
1
1
1
1
1
1
1
2
1
1
1
1
1
1
1
1
1
1
1
1
1
1
1
1
1
2
1
1
1
1
1
1
1
1
1
1
