3.3 1309.9
8.1 1543.7
4.8 1105.2
1.7 538.46
1.6 1307.4
6.4 1131.8
5.6 1193.2
2.3 1441.7
2.5 693.89
3.9 663.17
2.3 769.21
1 1427
5.8 1045
0.6 236.14
3.3 468.92
3.2 1011.6
0.1 776.57
4.9 562.08
1.5 705.56
2.4 665.61
0.9 730.26
1.4 532.61
1.9 1161.7
6.7 1048.1
0.3 146.1
4.2 670.05
0.9 325.61
1.8 580.94
8.6 1054.2
11.9 2321.7
16.7 2543.3
10.3 1420.6
14.2 2041.5
10.9 1573.7
11.8 2046.6
10 1495.5
8.9 1617
5.6 1237.1
0.8 132.01
7.2 1176.2
3.3 669.25
6.6 1064.5
5.7 664.62
7.5 1106.1
17.5 2595.6
2.5 712.5
0.8 871.76
5.6 839.21
0.8 454
3.1 698.93
0.2 557.68
0.7 300.52
1.1 312.19
11.1 1746.6
6.4 924.96
1.7 728.9
1.6 1552.2
6.4 1213.3
3.9 610.96
0.6 169.13
1.5 886.38
0.3 402.28
10.3 1436.8
7.2 1229.8
0.8 683.74
3.6 890.33
0.3 1035.1
4.5 670.26
1.9 468.75
2 445.49
1.3 449.05
0.4 285.76
2.2 378.04
12.2 1873.1
5.3 729.98
1.1 260.18
1.9 610.76
2.3 366.2
5.6 1493.1
10.4 1888.8
4 900.19
7.9 1558.7
4.6 1125.7
5.5 1341.1
3.7 898.27
6.3 843.68
11.2 1969
4.8 1049.9
4 1064.7
5.9 1248.4
8.7 2604.5
12 2182.4
16.8 3281.7
10.4 3012.1
14.3 3463.2
11 3230.9
11.9 2850.2
10.1 2905.7
0.1 2988.6
17.6 3413
11.2 2766.8
10.4 3268.8
12.3 3017.9
6.4 2417.2
0.7 415.62
4 1099.4
8.8 1639.5
2.4 863.79
6.3 1455
3 1098.5
3.9 1077.5
2.1 796.03
7.9 1247.5
9.6 1737.7
3.2 822.6
2.4 1099.4
4.3 1066
1.6 406.24
8 2191.9
5.65 1071.3
8.95 750.89
13.75 1671.5
7.35 1348.6
11.25 1763.1
7.95 1550.6
8.85 1177.7
7.05 1227.9
2.95 1896.7
14.55 1795.2
8.15 1069.4
7.35 1612.3
9.25 1320.2
3.35 1083.6
3.05 1713
4.95 710.38
0.6 360.96
2.7 951.6
7.5 1298
1.1 566.99
5 1107.5
1.7 789.33
2.6 738.72
0.8 468.41
9.2 1401.6
8.3 1390.7
1.9 469.11
1.1 826.61
3 710.26
2.9 617.5
9.3 2445.1
1.3 355.78
6.25 804.42
1.5 1673.5
1.8 527.06
6.6 919.2
0.2 1532.4
4.1 826.18
0.8 1586.6
1.7 857.34
0.1 1392.4
10.1 2718.4
7.4 1041.2
1 1080.3
0.2 1738.7
2.1 1142.5
3.8 1910.3
10.2 2539.1
2.2 1534.4
7.15 1214.5
0.9 1319.7
