-0.071796 0.05229 0.0047423 -0.014909 0.038688 -0.011614 -0.0064164 0.012468 0.033515 -0.010407 0.037572 0.037199 -0.013362
-0.062638 0.051439 -0.0070032 -0.029101 0.05734 -0.0097465 -0.0058567 0.003345 0.046879 -0.012104 0.026449 0.008246 -0.015442
-0.041122 0.020482 0.002365 -0.023132 0.042322 -0.021754 0.00079192 0.017936 0.03306 -0.012314 0.027488 0.020948 -0.0047619
-0.057727 0.023326 0.028281 -0.011118 0.052686 -0.015671 -0.022912 -0.00026806 0.023045 -0.016823 0.040726 0.01475 -0.0083742
-0.043227 0.0070861 -0.00015578 -0.018489 0.041726 -0.017353 -0.0015968 0.013493 0.030741 0.0024853 0.032147 0.010033 0.00023266
-0.065002 0.018498 0.023278 -0.016048 0.04513 -0.018948 -0.018089 -0.00094329 0.027504 -0.010549 0.037672 0.024496 -0.0084653
-0.076656 0.041969 -0.0056028 -0.0405 0.04365 -0.022106 -0.011348 0.011853 0.035903 -0.017563 0.032136 0.025266 0.0055707
-0.03734 0.026049 0.021235 -0.025725 0.03707 -0.013477 -0.012795 -0.0013231 0.044049 -0.027845 0.043797 0.013001 -0.00054338
-0.059241 0.05651 0.01453 -0.020097 0.047743 0.0039492 0.00029754 -0.0038415 0.040776 -0.010497 0.034667 0.018645 -0.0085278
-0.003141 0.020577 -0.013318 -0.043162 0.024063 -0.012641 0.0026591 0.0023479 0.036361 -0.013314 0.049107 0.021632 -0.01255
-0.072442 0.036637 0.035155 -0.038241 0.054092 -0.02673 -0.004093 0.029529 0.048034 -0.015273 0.047683 0.016705 -0.011044
-0.069292 0.013436 -0.0029097 -0.005544 0.053994 -0.034151 0.00041005 -0.007212 0.052648 -0.0071125 0.044388 0.023741 -0.00017616
-0.091087 0.055602 -0.002391 -0.05902 0.048174 -0.034125 0.001248 -0.0082488 0.024206 -0.013233 0.040521 0.015958 -0.0068908
-0.077267 0.042386 -0.0029496 -0.012791 0.047168 -0.012899 -0.002277 -0.0014067 0.044685 -0.010294 0.042308 0.021599 -0.0058715
-0.039816 0.036323 -0.0044127 -0.017641 0.080699 -0.0058704 0.013726 0.010187 0.025046 -0.019309 0.047327 0.020968 -0.0017641
-0.091652 0.046174 -0.033461 0.0040576 0.032672 -0.019646 -0.01045 0.01563 0.031127 -0.021637 0.046449 0.010687 -0.0084111
-0.075631 0.069711 0.026033 -0.020963 0.03042 -0.0064896 0.002637 0.0080633 0.032845 0.00121 0.049236 0.013814 0.0019852
-0.062529 0.049438 0.008623 -0.024415 0.036303 -0.0051303 -0.0011734 0.0067857 0.039323 -0.025978 0.032545 0.021433 0.0044704
-0.082122 0.02217 0.029042 -0.007081 0.03094 -0.024992 0.027279 0.0020983 0.031758 -0.022534 0.03318 0.016825 -0.010078
-0.0025956 0.093185 0.012608 -0.0035781 0.045788 -0.039716 -0.0039687 0.0049496 0.03493 -0.014034 0.035928 0.018354 -0.0047465
