0.903320 1309.900000
0.894740 1543.700000
0.862930 538.460000
0.842890 1193.200000
0.889350 769.210000
0.919860 1011.600000
0.865860 532.610000
0.928050 1054.200000
0.727200 1617.000000
0.890500 712.500000
0.876050 728.900000
0.874930 890.330000
0.947750 366.200000
0.880460 2604.500000
0.908660 415.620000
0.921010 1071.300000
0.860800 360.960000
0.731000 1673.500000
0.880910 1105.200000
0.833520 1307.400000
0.831710 1441.700000
0.857120 1427.000000
0.919840 776.570000
0.863380 1161.700000
0.923660 2321.700000
0.752510 1237.100000
0.875970 871.760000
0.867960 1552.200000
0.892300 1035.100000
0.928830 1493.100000
0.846580 2182.400000
0.859520 1099.400000
0.907420 750.890000
0.800200 951.600000
0.749600 527.060000
0.873100 1131.800000
0.941830 693.890000
0.895190 1045.000000
0.898970 562.080000
0.899160 1048.100000
0.868660 2543.300000
0.824640 132.010000
0.893430 839.210000
0.895470 1213.300000
0.838560 670.260000
0.895350 1888.800000
0.810670 3281.700000
0.809710 1639.500000
0.881880 1671.500000
0.837760 1298.000000
0.714210 919.200000
0.858770 663.170000
0.944380 236.140000
0.858570 705.560000
0.894020 146.100000
0.856510 1420.600000
0.676920 1176.200000
0.873200 454.000000
0.876260 266.170000
0.805360 468.750000
0.872550 900.190000
0.780660 3012.100000
0.809240 863.790000
0.841220 1348.600000
0.831960 566.990000
0.647700 1532.400000
0.877840 468.920000
0.854560 665.610000
0.870170 670.050000
0.822870 2041.500000
0.795550 669.250000
0.854630 698.930000
0.886560 610.960000
0.795960 445.490000
0.866310 1558.700000
0.787930 3463.200000
0.773660 1455.000000
0.832510 1763.100000
0.818490 1107.500000
0.626630 826.180000
0.887950 730.260000
0.903160 325.610000
0.871760 1573.700000
0.701600 1064.500000
0.895950 557.680000
0.900160 169.130000
0.840810 449.050000
0.900990 1125.700000
0.798940 3230.900000
0.834470 1098.500000
0.874530 1550.600000
0.867100 789.330000
0.644520 1586.600000
0.880360 580.940000
0.893020 2046.600000
0.752800 664.620000
0.906920 300.520000
0.884200 886.380000
0.921800 285.760000
0.929760 1341.100000
0.864880 2850.200000
0.871820 1077.500000
0.913600 1177.700000
0.829850 738.720000
0.688670 857.340000
0.878990 1495.500000
0.805220 1106.100000
0.887760 312.190000
0.872310 402.280000
0.825760 378.040000
0.880850 898.270000
0.771150 2905.700000
0.818180 796.030000
0.880380 1227.900000
0.827100 468.410000
0.694970 1392.400000
0.728670 2595.600000
0.875940 1746.600000
0.852890 1436.800000
0.863510 1873.100000
0.934050 843.680000
0.818950 2988.600000
0.911890 1247.500000
0.928570 1896.700000
0.840570 1401.600000
0.753230 2718.400000
0.716730 924.960000
0.716300 1229.800000
0.714770 729.980000
0.734720 1969.000000
0.647370 3413.000000
0.658960 1737.700000
0.743280 1795.200000
0.627890 1390.700000
0.665620 1041.200000
0.876170 683.740000
0.887790 260.180000
0.891110 1049.900000
0.786460 2766.800000
0.879500 822.600000
0.886880 1069.400000
0.875810 469.110000
0.688890 1080.300000
0.837420 610.760000
0.928940 1064.700000
0.850200 3268.800000
0.813950 1099.400000
0.859630 1612.300000
0.872200 826.610000
0.652810 1738.700000
0.886290 1248.400000
0.804980 3017.900000
0.866400 1066.000000
0.875510 1320.200000
0.816400 710.260000
0.673690 1142.500000
0.907220 2417.200000
0.904410 406.240000
0.929200 1083.600000
0.880380 617.500000
0.703780 1910.300000
0.822570 2191.900000
0.849270 1713.000000
0.799870 2445.100000
0.638920 2539.100000
0.903760 710.380000
0.859790 355.780000
0.729630 1534.400000
0.857880 804.420000
0.721580 1214.500000
0.584310 1319.700000
