1 0.12638
2 -0.31144
3 -0.52026
4 -0.33549
5 -0.48899
6 -0.49652
7 -0.24817
8 -0.24141
9 -0.46545
10 0.037731
11 -0.41763
12 0.23795
13 -0.45596
14 -0.3466
15 0.18285
16 0.49052
17 -0.53319
18 0.26307
19 -0.43626
20 -0.37572
21 -0.21448
22 0.07276
23 0.073526
24 -0.35665
25 0.038156
26 -0.38858
27 -0.090316
28 0.065231
29 -0.1029
30 -0.26005
31 -0.45117
32 -0.32326
33 -0.56729
34 -0.57147
35 -0.21035
36 0.26271
37 -0.63078
38 0.14285
39 0.060274
40 -0.16429
41 -0.16325
42 0.080386
43 0.2463
44 0.38861
45 -0.31115
46 0.24355
47 0.37465
48 -0.13183
49 0.16349
50 0.1241
51 0.53908
52 0.42475
53 0.59858
54 0.004714
55 -0.020768
56 -0.52855
57 -0.21534
58 0.52808
59 -0.34555
60 0.21251
61 -0.60165
62 0.20709
63 -0.2751
64 -0.40687
65 0.3744
66 0.22498
67 0.50175
68 0.29098
69 0.1271
70 -0.06067
71 -0.36754
72 0.24278
73 0.29971
74 0.19694
75 -0.083614
76 0.23726
77 -0.00097371
78 0.16647
79 0.22092
80 -0.45889
81 0.12833
82 -0.136
83 0.10057
84 0.179
85 0.26518
86 0.1862
87 -0.092639
88 0.24393
89 0.50045
90 -0.56327
91 0.013899
92 0.56024
93 -0.17675
94 -0.37659
95 -0.464
96 0.030271
97 0.3903
98 -0.31753
99 0.3527
100 0.047548
101 0.17641
102 0.3483
103 0.5123
104 -0.42817
105 0.13742
106 0.14039
107 -0.22461
108 -0.32169
109 0.2985
110 0.39494
111 0.23095
112 -0.34397
113 -0.37375
114 0.33212
115 -0.44244
116 0.55737
117 0.21357
118 -0.34993
119 -0.45787
120 -0.4476
121 -0.37341
122 0.027444
123 0.55036
124 -0.12733
125 -0.28008
126 0.41021
127 0.088672
128 0.17191
129 0.052994
130 0.35378
131 -0.33535
132 -0.24857
133 0.0064511
134 0.071237
135 -0.17251
