0 0.90332 0.89474 0.86293 0.84289 0.88935 0.91986 0.86586 0.92805 0.7272 0.8905 0.87605 0.87493 0.94775 0.81335 0.88046 0.90866 0.92101 0.8608 0.731
0 0 0.88091 0.83352 0.83171 0.85712 0.91984 0.86338 0.92366 0.75251 0.87597 0.86796 0.8923 0.92883 0.83066 0.84658 0.85952 0.90742 0.8002 0.7496
0 0 0 0.8731 0.94183 0.89519 0.89897 0.89916 0.86866 0.82464 0.89343 0.89547 0.83856 0.89535 0.83995 0.81067 0.80971 0.88188 0.83776 0.71421
0 0 0 0 0.85877 0.94438 0.85857 0.89402 0.85651 0.67692 0.8732 0.87626 0.80536 0.87255 0.78524 0.78066 0.80924 0.84122 0.83196 0.6477
0 0 0 0 0 0.87784 0.85456 0.87017 0.82287 0.79555 0.85463 0.88656 0.79596 0.86631 0.81076 0.78793 0.77366 0.83251 0.81849 0.62663
0 0 0 0 0 0 0.88795 0.90316 0.87176 0.7016 0.89595 0.90016 0.84081 0.90099 0.78764 0.79894 0.83447 0.87453 0.8671 0.64452
0 0 0 0 0 0 0 0.88036 0.89302 0.7528 0.90692 0.8842 0.9218 0.92976 0.80616 0.86488 0.87182 0.9136 0.82985 0.68867
0 0 0 0 0 0 0 0 0.87899 0.80522 0.88776 0.87231 0.82576 0.88085 0.79193 0.77115 0.81818 0.88038 0.8271 0.69497
0 0 0 0 0 0 0 0 0 0.72867 0.87594 0.85289 0.86351 0.93405 0.83092 0.81895 0.91189 0.92857 0.84057 0.75323
0 0 0 0 0 0 0 0 0 0 0.71673 0.7163 0.71477 0.73472 0.71511 0.64737 0.65896 0.74328 0.62789 0.66562
0 0 0 0 0 0 0 0 0 0 0 0.87617 0.88779 0.89111 0.78492 0.78646 0.8795 0.88688 0.87581 0.68889
0 0 0 0 0 0 0 0 0 0 0 0 0.83742 0.92894 0.80435 0.8502 0.81395 0.85963 0.8722 0.65281
0 0 0 0 0 0 0 0 0 0 0 0 0 0.88629 0.7615 0.80498 0.8664 0.87551 0.8164 0.67369
0 0 0 0 0 0 0 0 0 0 0 0 0 0 0.83454 0.90722 0.90441 0.9292 0.88038 0.70378
0 0 0 0 0 0 0 0 0 0 0 0 0 0 0 0.75902 0.75155 0.81641 0.72438 0.70099
0 0 0 0 0 0 0 0 0 0 0 0 0 0 0 0 0.82257 0.84927 0.79987 0.63892
0 0 0 0 0 0 0 0 0 0 0 0 0 0 0 0 0 0.90376 0.85979 0.72963
0 0 0 0 0 0 0 0 0 0 0 0 0 0 0 0 0 0 0.85788 0.72158
0 0 0 0 0 0 0 0 0 0 0 0 0 0 0 0 0 0 0 0.58431
0 0 0 0 0 0 0 0 0 0 0 0 0 0 0 0 0 0 0 0
