0.90332 1309.9
0.89474 1543.7
0.88091 1105.2
0.86293 538.46
0.83352 1307.4
0.8731 1131.8
0.84289 1193.2
0.83171 1441.7
0.94183 693.89
0.85877 663.17
0.88935 769.21
0.85712 1427
0.89519 1045
0.94438 236.14
0.87784 468.92
0.91986 1011.6
0.91984 776.57
0.89897 562.08
0.85857 705.56
0.85456 665.61
0.88795 730.26
0.86586 532.61
0.86338 1161.7
0.89916 1048.1
0.89402 146.1
0.87017 670.05
0.90316 325.61
0.88036 580.94
0.92805 1054.2
0.92366 2321.7
0.86866 2543.3
0.85651 1420.6
0.82287 2041.5
0.87176 1573.7
0.89302 2046.6
0.87899 1495.5
0.8905 712.5
0.87597 871.76
0.89343 839.21
0.8732 454
0.85463 698.93
0.89595 557.68
0.90692 300.52
0.88776 312.19
0.87594 1746.6
0.87605 728.9
0.86796 1552.2
0.89547 1213.3
0.87626 266.17
0.88656 610.96
0.90016 169.13
0.8842 886.38
0.87231 402.28
0.85289 1436.8
0.87617 683.74
0.87493 890.33
0.8923 1035.1
0.83856 670.26
0.80536 468.75
0.79596 445.49
0.84081 449.05
0.9218 285.76
0.82576 378.04
0.86351 1873.1
0.88779 260.18
0.83742 610.76
0.94775 366.2
0.92883 1493.1
0.89535 1888.8
0.87255 900.19
0.86631 1558.7
0.90099 1125.7
0.92976 1341.1
0.88085 898.27
0.93405 843.68
0.89111 1049.9
0.92894 1064.7
0.88629 1248.4
0.88046 2604.5
0.84658 2182.4
0.81067 3281.7
0.78066 3012.1
0.78793 3463.2
0.79894 3230.9
0.86488 2850.2
0.77115 2905.7
0.81895 2988.6
0.78646 2766.8
0.8502 3268.8
0.80498 3017.9
0.90722 2417.2
0.90866 415.62
0.85952 1099.4
0.80971 1639.5
0.80924 863.79
0.77366 1455
0.83447 1098.5
0.87182 1077.5
0.81818 796.03
0.91189 1247.5
0.8795 822.6
0.81395 1099.4
0.8664 1066
0.90441 406.24
0.82257 2191.9
0.92101 1071.3
0.90742 750.89
0.88188 1671.5
0.84122 1348.6
0.83251 1763.1
0.87453 1550.6
0.9136 1177.7
0.88038 1227.9
0.92857 1896.7
0.88688 1069.4
0.85963 1612.3
0.87551 1320.2
0.9292 1083.6
0.84927 1713
0.90376 710.38
0.8608 360.96
0.8002 951.6
0.83776 1298
0.83196 566.99
0.81849 1107.5
0.8671 789.33
0.82985 738.72
0.8271 468.41
0.84057 1401.6
0.87581 469.11
0.8722 826.61
0.8164 710.26
0.88038 617.5
0.79987 2445.1
0.85979 355.78
0.85788 804.42
