0.90332 3.3
0.89474 8.1
0.88091 4.8
0.86293 1.7
0.83352 1.6
0.8731 6.4
0.84289 5.6
0.83171 2.3
0.94183 2.5
0.85877 3.9
0.88935 2.3
0.85712 1
0.89519 5.8
0.94438 0.6
0.87784 3.3
0.91986 3.2
0.91984 0.1
0.89897 4.9
0.85857 1.5
0.85456 2.4
0.88795 0.9
0.86586 1.4
0.86338 1.9
0.89916 6.7
0.89402 0.3
0.87017 4.2
0.90316 0.9
0.88036 1.8
0.92805 8.6
0.92366 11.9
0.86866 16.7
0.85651 10.3
0.82287 14.2
0.87176 10.9
0.89302 11.8
0.87899 10
0.7272 8.9
0.75251 5.6
0.82464 0.8
0.67692 7.2
0.79555 3.3
0.7016 6.6
0.7528 5.7
0.80522 7.5
0.72867 17.5
0.8905 2.5
0.87597 0.8
0.89343 5.6
0.8732 0.8
0.85463 3.1
0.89595 0.2
0.90692 0.7
0.88776 1.1
0.87594 11.1
0.71673 6.4
0.87605 1.7
0.86796 1.6
0.89547 6.4
0.87626 0
0.88656 3.9
0.90016 0.6
0.8842 1.5
0.87231 0.3
0.85289 10.3
0.7163 7.2
0.87617 0.8
0.87493 3.6
0.8923 0.3
0.83856 4.5
0.80536 1.9
0.79596 2
0.84081 1.3
0.9218 0.4
0.82576 2.2
0.86351 12.2
0.71477 5.3
0.88779 1.1
0.83742 1.9
0.94775 2.3
0.92883 5.6
0.89535 10.4
0.87255 4
0.86631 7.9
0.90099 4.6
0.92976 5.5
0.88085 3.7
0.93405 6.3
0.73472 11.2
0.89111 4.8
0.92894 4
0.88629 5.9
0.88046 8.7
0.84658 12
0.81067 16.8
0.78066 10.4
0.78793 14.3
0.79894 11
0.86488 11.9
0.77115 10.1
0.81895 0.1
0.64737 17.6
0.78646 11.2
0.8502 10.4
0.80498 12.3
0.90722 6.4
0.90866 0.7
0.85952 4
0.80971 8.8
0.80924 2.4
0.77366 6.3
0.83447 3
0.87182 3.9
0.81818 2.1
0.91189 7.9
0.65896 9.6
0.8795 3.2
0.81395 2.4
0.8664 4.3
0.90441 1.6
0.82257 8
0.92101 5.65
0.90742 8.95
0.88188 13.75
0.84122 7.35
0.83251 11.25
0.87453 7.95
0.9136 8.85
0.88038 7.05
0.92857 2.95
0.74328 14.55
0.88688 8.15
0.85963 7.35
0.87551 9.25
0.9292 3.35
0.84927 3.05
0.90376 4.95
0.8608 0.6
0.8002 2.7
0.83776 7.5
0.83196 1.1
0.81849 5
0.8671 1.7
0.82985 2.6
0.8271 0.8
0.84057 9.2
0.62789 8.3
0.87581 1.9
0.8722 1.1
0.8164 3
0.88038 2.9
0.79987 9.3
0.85979 1.3
0.85788 6.25
0.731 1.5
0.7496 1.8
0.71421 6.6
0.6477 0.2
0.62663 4.1
0.64452 0.8
0.68867 1.7
0.69497 0.1
0.75323 10.1
0.66562 7.4
0.68889 1
0.65281 0.2
0.67369 2.1
0.70378 3.8
0.63892 10.2
0.72963 2.2
0.72158 7.15
0.58431 0.9
