0 0.82578 0.90233 0.86972 0.92704 0.92692 0.77953 0.73238 0.7964 0.81633 0.69268 0.90474 0.86636 0.91094 0.7366 0.87992 0.64741 0.90094 0.8318 0.79265
0 0 0.8603 0.86766 0.89067 0.91202 0.93728 0.85169 0.67503 0.78655 0.91182 0.93626 0.96016 0.88452 0.80332 0.93437 0.78885 0.90951 0.80465 0.81879
0 0 0 0.85639 0.9606 0.90109 0.87792 0.86738 0.79579 0.92713 0.79158 0.93332 0.86627 0.86338 0.89356 0.80904 0.81008 0.92503 0.83762 0.88092
0 0 0 0 0.83628 0.91049 0.84688 0.90453 0.86728 0.73223 0.86294 0.82707 0.85023 0.85438 0.7573 0.84209 0.71016 0.92775 0.7967 0.7387
0 0 0 0 0 0.93415 0.89042 0.81871 0.72923 0.91757 0.79512 0.96146 0.88815 0.8873 0.88792 0.87625 0.80758 0.92296 0.82823 0.88739
0 0 0 0 0 0 0.90284 0.81907 0.72025 0.83096 0.83769 0.92035 0.90925 0.90075 0.78005 0.93107 0.77052 0.97149 0.8571 0.79157
0 0 0 0 0 0 0 0.86688 0.61827 0.86367 0.96598 0.90242 0.92194 0.77127 0.84718 0.856 0.93336 0.93011 0.87564 0.77615
0 0 0 0 0 0 0 0 0.81187 0.74297 0.88354 0.7817 0.77836 0.78959 0.85718 0.75014 0.8135 0.85247 0.76381 0.82117
0 0 0 0 0 0 0 0 0 0.62226 0.62943 0.70013 0.69053 0.76336 0.66671 0.64047 0.50623 0.75014 0.59532 0.71056
0 0 0 0 0 0 0 0 0 0 0.75701 0.9063 0.81488 0.73662 0.86504 0.72212 0.83359 0.87296 0.79094 0.82535
0 0 0 0 0 0 0 0 0 0 0 0.82049 0.87638 0.69684 0.78504 0.81232 0.89334 0.88727 0.82777 0.69721
0 0 0 0 0 0 0 0 0 0 0 0 0.95025 0.86964 0.82837 0.90809 0.76552 0.92845 0.80828 0.84808
0 0 0 0 0 0 0 0 0 0 0 0 0 0.85217 0.73803 0.9044 0.75818 0.91701 0.81907 0.77719
0 0 0 0 0 0 0 0 0 0 0 0 0 0 0.7842 0.88641 0.6183 0.84643 0.72652 0.85155
0 0 0 0 0 0 0 0 0 0 0 0 0 0 0 0.72172 0.85454 0.8081 0.73761 0.84957
0 0 0 0 0 0 0 0 0 0 0 0 0 0 0 0 0.69913 0.90295 0.82001 0.73804
0 0 0 0 0 0 0 0 0 0 0 0 0 0 0 0 0 0.82437 0.84394 0.69216
0 0 0 0 0 0 0 0 0 0 0 0 0 0 0 0 0 0 0.87857 0.76834
0 0 0 0 0 0 0 0 0 0 0 0 0 0 0 0 0 0 0 0.67833
0 0 0 0 0 0 0 0 0 0 0 0 0 0 0 0 0 0 0 0
