0 0.75992 0.85262 0.79583 0.89535 0.88614 0.68494 0.58475 0.69766 0.76609 0.5791 0.8824 0.8197 0.86133 0.62231 0.82614 0.51165 0.84793 0.74186 0.69255
0 0 0.80908 0.82146 0.85193 0.88585 0.91577 0.79723 0.55224 0.72766 0.88458 0.9181 0.9473 0.84537 0.73464 0.91178 0.72172 0.8796 0.72967 0.75196
0 0 0 0.77917 0.94406 0.84886 0.82805 0.79787 0.69999 0.91617 0.71904 0.91975 0.81917 0.79085 0.85026 0.72425 0.74238 0.88679 0.75444 0.82544
0 0 0 0 0.75951 0.85566 0.78197 0.84786 0.801 0.64976 0.8219 0.77633 0.79826 0.76593 0.64794 0.7684 0.59676 0.88684 0.68008 0.60459
0 0 0 0 0 0.9071 0.84773 0.73436 0.61292 0.89869 0.72635 0.95363 0.84961 0.83654 0.84413 0.82538 0.7413 0.88938 0.74982 0.83934
0 0 0 0 0 0 0.86508 0.71257 0.57691 0.78934 0.78489 0.90918 0.88377 0.84116 0.68235 0.90254 0.68473 0.95581 0.77613 0.68629
0 0 0 0 0 0 0 0.81151 0.46243 0.82673 0.95628 0.87396 0.89578 0.67003 0.78991 0.79983 0.91185 0.90355 0.82436 0.68555
0 0 0 0 0 0 0 0 0.71829 0.6647 0.84962 0.71066 0.69377 0.66667 0.797 0.63229 0.74677 0.77064 0.63283 0.7328
0 0 0 0 0 0 0 0 0 0.50366 0.49776 0.60072 0.57622 0.64336 0.53046 0.48607 0.32483 0.6281 0.39703 0.58076
0 0 0 0 0 0 0 0 0 0 0.6921 0.88227 0.76455 0.65585 0.82853 0.63952 0.78891 0.84468 0.73111 0.77662
0 0 0 0 0 0 0 0 0 0 0 0.76959 0.83854 0.58207 0.7147 0.74963 0.86115 0.85356 0.76951 0.59095
0 0 0 0 0 0 0 0 0 0 0 0 0.93622 0.8362 0.77598 0.88208 0.69785 0.91593 0.74775 0.8017
0 0 0 0 0 0 0 0 0 0 0 0 0 0.80052 0.6481 0.87178 0.68248 0.89194 0.75246 0.69622
0 0 0 0 0 0 0 0 0 0 0 0 0 0 0.68884 0.83529 0.4649 0.75984 0.5721 0.77796
0 0 0 0 0 0 0 0 0 0 0 0 0 0 0 0.61264 0.80614 0.72587 0.62339 0.78889
0 0 0 0 0 0 0 0 0 0 0 0 0 0 0 0 0.59402 0.85996 0.73781 0.62602
0 0 0 0 0 0 0 0 0 0 0 0 0 0 0 0 0 0.76217 0.78993 0.5812
0 0 0 0 0 0 0 0 0 0 0 0 0 0 0 0 0 0 0.81323 0.65582
0 0 0 0 0 0 0 0 0 0 0 0 0 0 0 0 0 0 0 0.52166
0 0 0 0 0 0 0 0 0 0 0 0 0 0 0 0 0 0 0 0
