0.21618 0.18016 0.20792 0.12088 0.23077 0.16142 0.14648 0.088235 0.15498 0.28571 0.1028 0.28628 0.21698 0.17344 0.16901 0.17604 0.10811 0.168 0.12162 0.19355
0.083554 0.20627 0.055446 0.12454 0.076923 0.11811 0.13521 0.10294 0.062731 0.019048 0.17757 0.14513 0.18868 0.12737 0.042254 0.18826 0.045045 0.104 0.081081 0.080645
0.035809 0.11358 0.11089 0.069597 0.10526 0.051181 0.098592 0.14706 0.073801 0.11429 0.1028 0.083499 0.04717 0.11382 0.19718 0.046455 0.13514 0.048 0.040541 0.16129
0.059682 0.039164 0.065347 0.12454 0.036437 0.03937 0.022535 0.11765 0.21402 0.019048 0.074766 0.035785 0.037736 0.03523 0.042254 0.01956 0 0.064 0.02027 0.048387
0.055703 0.050914 0.029703 0.032967 0.036437 0.023622 0.039437 0.029412 0.070111 0.038095 0.037383 0.027833 0.084906 0.062331 0.028169 0.022005 0.045045 0.016 0.040541 0.056452
0.078249 0.16057 0.13069 0.11355 0.12955 0.12205 0.23099 0.13235 0.04797 0.21905 0.26168 0.15905 0.16981 0.03523 0.15493 0.11247 0.28829 0.16 0.18919 0.072581
0.049072 0.06658 0.043564 0.03663 0.080972 0.062992 0.059155 0.058824 0.04428 0.038095 0.056075 0.069583 0.037736 0.051491 0.084507 0.11491 0.09009 0.064 0.047297 0.048387
0.04244 0.01436 0.063366 0.010989 0.060729 0.051181 0.03662 0.044118 0.01845 0.038095 0.0093458 0.035785 0.028302 0.01897 0.028169 0.012225 0.036036 0.024 0.067568 0.064516
0.057029 0.01436 0.035644 0.080586 0.052632 0.066929 0.047887 0.036765 0.059041 0.038095 0.056075 0.021869 0.028302 0.04065 0.028169 0.026895 0.045045 0.056 0.013514 0.016129
0.068966 0.044386 0.009901 0.043956 0.048583 0.074803 0.016901 0 0.00369 0 0.0093458 0.021869 0.028302 0.070461 0 0.06357 0.009009 0.048 0.040541 0.016129
0.038462 0.0052219 0.025743 0.040293 0.020243 0.051181 0.022535 0.036765 0.02952 0.07619 0.0093458 0.015905 0 0.04607 0.042254 0.02934 0.018018 0.04 0.033784 0.032258
0.030504 0.02611 0.039604 0.021978 0 0.031496 0.014085 0.014706 0.062731 0 0 0.019881 0.037736 0.051491 0 0.02445 0.018018 0.032 0.02027 0
0.03183 0.018277 0.049505 0.047619 0.012146 0.035433 0.016901 0.036765 0.01476 0.028571 0.0093458 0.013917 0.018868 0.02981 0 0.026895 0.018018 0.056 0.047297 0
0.0026525 0 0.0079208 0.018315 0.0080972 0.011811 0.0084507 0.0073529 0.01107 0 0.0093458 0.0059642 0.009434 0.01897 0.070423 0.002445 0.009009 0.016 0 0
0 0 0.0019802 0 0 0 0 0.0073529 0 0.028571 0 0.0019881 0 0.00271 0 0 0 0 0.0067568 0.08871
0.0066313 0.0091384 0.0059406 0.010989 0.0040486 0.015748 0.011268 0 0.01476 0 0 0.0039761 0 0.01084 0 0.00489 0 0.008 0.033784 0
0.0079576 0.0039164 0.009901 0 0.016194 0.019685 0.0056338 0 0.0073801 0 0 0.0059642 0 0.01084 0 0.036675 0.009009 0.008 0 0
0.075597 0.002611 0.025743 0.040293 0.024291 0.015748 0 0.014706 0.0369 0 0.0093458 0.0099404 0 0.03794 0.028169 0.056235 0.018018 0.016 0.11486 0
0.0013263 0.0091384 0.011881 0.014652 0.0080972 0.019685 0.014085 0.022059 0 0.038095 0.028037 0.011928 0.009434 0.0081301 0 0.00489 0.009009 0.032 0.02027 0.0080645
0 0.0065274 0 0 0 0 0 0 0 0 0 0 0 0 0 0 0 0 0 0.0080645
0.011936 0 0 0.018315 0 0.003937 0.014085 0.014706 0.00369 0 0 0 0 0.0054201 0 0.002445 0.009009 0 0 0
0 0 0.009901 0.003663 0.0040486 0 0.0028169 0 0 0 0 0 0 0 0.014085 0 0 0 0 0
0 0.0013055 0 0 0 0 0 0 0 0.0095238 0 0 0 0 0 0 0 0 0 0
0.01061 0.0013055 0 0.003663 0.0040486 0.003937 0.0056338 0.0073529 0 0 0 0.0079523 0 0.00271 0.014085 0.007335 0.018018 0 0 0.0080645
0 0 0 0 0 0 0 0 0 0 0 0 0 0 0 0 0 0 0 0.0080645
0.0026525 0.0013055 0.013861 0 0.0040486 0 0 0 0.0073801 0.0095238 0 0 0 0.0054201 0.042254 0.002445 0 0.008 0 0
0.01061 0.0065274 0.009901 0.014652 0.0080972 0.003937 0.0084507 0.036765 0.02583 0 0.0093458 0.0059642 0.018868 0.01355 0 0 0.027027 0.008 0.013514 0
0.0026525 0 0.0079208 0 0.0080972 0 0.016901 0 0.0073801 0 0.0093458 0.0039761 0.028302 0.0081301 0 0.002445 0.009009 0.008 0.02027 0
0 0.002611 0.0039604 0 0 0 0.0028169 0.0073529 0 0 0 0 0 0 0 0 0 0 0 0
0 0 0 0 0 0 0 0 0 0 0 0 0 0 0 0 0 0 0 0
0.0013263 0 0 0 0 0 0 0 0 0 0 0 0 0 0 0 0 0 0 0.032258
0.018568 0.015666 0.023762 0.007326 0.020243 0.015748 0.022535 0.036765 0.02952 0 0.028037 0.0059642 0.009434 0.01897 0.014085 0.017115 0.036036 0.016 0.027027 0.056452
