0 0.94463 0.92439 0.94838 0.92419 0.93257 0.93244 0.93493 0.94058 0.77995 0.89538 0.95633 0.89564 0.95822 0.80076 0.91145 0.89268 0.89942 0.91836 0.8117
0 0 0.92834 0.91735 0.92094 0.9144 0.96584 0.9057 0.92525 0.78362 0.9135 0.92507 0.89346 0.94088 0.79147 0.92879 0.88269 0.91843 0.88781 0.87722
0 0 0 0.92307 0.94981 0.93175 0.94144 0.90102 0.88027 0.8889 0.86353 0.93865 0.90028 0.90136 0.7657 0.85835 0.82977 0.8478 0.8457 0.8289
0 0 0 0 0.91944 0.93465 0.918 0.91896 0.89795 0.79651 0.86624 0.95877 0.88583 0.91582 0.77008 0.86958 0.85345 0.85857 0.86382 0.79732
0 0 0 0 0 0.9417 0.92745 0.90114 0.8846 0.821 0.86817 0.93807 0.91609 0.90294 0.76829 0.85654 0.82972 0.8418 0.84122 0.81643
0 0 0 0 0 0 0.92083 0.92209 0.88301 0.80893 0.85608 0.95692 0.91287 0.90075 0.7639 0.85488 0.83167 0.84562 0.84247 0.80596
0 0 0 0 0 0 0 0.91028 0.89706 0.79918 0.90094 0.92639 0.90494 0.91449 0.78628 0.8879 0.84582 0.87255 0.86251 0.87398
0 0 0 0 0 0 0 0 0.88088 0.77415 0.85471 0.91603 0.87914 0.8995 0.76263 0.86175 0.84106 0.85429 0.8576 0.79086
0 0 0 0 0 0 0 0 0 0.72658 0.86004 0.90372 0.85593 0.95446 0.76948 0.91221 0.90155 0.89052 0.89735 0.7949
0 0 0 0 0 0 0 0 0 0 0.71071 0.8088 0.75773 0.75407 0.64138 0.71347 0.67951 0.71115 0.70952 0.70771
0 0 0 0 0 0 0 0 0 0 0 0.86669 0.84605 0.88172 0.74442 0.85558 0.83002 0.85119 0.84244 0.78463
0 0 0 0 0 0 0 0 0 0 0 0 0.90537 0.92353 0.77896 0.87394 0.85107 0.85908 0.86589 0.8102
0 0 0 0 0 0 0 0 0 0 0 0 0 0.8712 0.74282 0.82922 0.80592 0.81739 0.81044 0.79929
0 0 0 0 0 0 0 0 0 0 0 0 0 0 0.78311 0.92507 0.91583 0.90727 0.91965 0.80512
0 0 0 0 0 0 0 0 0 0 0 0 0 0 0 0.74853 0.72265 0.73547 0.73193 0.67497
0 0 0 0 0 0 0 0 0 0 0 0 0 0 0 0 0.88621 0.94674 0.89052 0.79751
0 0 0 0 0 0 0 0 0 0 0 0 0 0 0 0 0 0.88141 0.87816 0.73306
0 0 0 0 0 0 0 0 0 0 0 0 0 0 0 0 0 0 0.88776 0.7825
0 0 0 0 0 0 0 0 0 0 0 0 0 0 0 0 0 0 0 0.75606
0 0 0 0 0 0 0 0 0 0 0 0 0 0 0 0 0 0 0 0
