0.93883 1309.9
0.91623 1543.7
0.92091 1105.2
0.94277 538.46
0.90873 1307.4
0.91486 1131.8
0.91584 1193.2
0.91263 1441.7
0.9444 693.89
0.91067 663.17
0.92515 769.21
0.9054 1427
0.92439 1045
0.92755 236.14
0.93529 468.92
0.92525 1011.6
0.96233 776.57
0.9353 562.08
0.90935 705.56
0.91973 665.61
0.9124 730.26
0.92859 532.61
0.89654 1161.7
0.89129 1048.1
0.91101 146.1
0.89135 670.05
0.91443 325.61
0.90153 580.94
0.93538 1054.2
0.91849 2321.7
0.86919 2543.3
0.88856 1420.6
0.8739 2041.5
0.87215 1573.7
0.88762 2046.6
0.87019 1495.5
0.75797 1617
0.76266 1237.1
0.87806 132.01
0.77637 1176.2
0.80318 669.25
0.78989 1064.5
0.77958 664.62
0.75307 1106.1
0.70211 2595.6
0.88525 712.5
0.90528 871.76
0.85033 839.21
0.85325 454
0.85531 698.93
0.842 557.68
0.89147 300.52
0.84127 312.19
0.84762 1746.6
0.68409 924.96
0.9516 728.9
0.91728 1552.2
0.93212 1213.3
0.95436 266.17
0.93136 610.96
0.95226 169.13
0.91865 886.38
0.9078 402.28
0.8949 1436.8
0.78995 1229.8
0.85378 683.74
0.88641 890.33
0.88403 1035.1
0.89148 670.26
0.87566 468.75
0.90883 445.49
0.90531 449.05
0.89657 285.76
0.86858 378.04
0.84371 1873.1
0.73652 729.98
0.83271 260.18
0.89705 610.76
0.95431 366.2
0.93521 1493.1
0.89174 1888.8
0.90762 900.19
0.89341 1558.7
0.891 1125.7
0.90621 1341.1
0.89011 898.27
0.95043 843.68
0.73123 1969
0.87083 1049.9
0.91611 1064.7
0.85997 1248.4
0.90266 2604.5
0.92186 2182.4
0.8443 3281.7
0.8566 3012.1
0.84214 3463.2
0.84031 3230.9
0.87688 2850.2
0.84873 2905.7
0.90434 2988.6
0.68664 3413
0.84218 2766.8
0.86143 3268.8
0.81421 3017.9
0.91805 2417.2
0.88454 415.62
0.87348 1099.4
0.81588 1639.5
0.84168 863.79
0.8158 1455
0.81793 1098.5
0.83337 1077.5
0.82834 796.03
0.89392 1247.5
0.6534 1737.7
0.81647 822.6
0.83909 1099.4
0.79085 1066
0.90936 406.24
0.87726 2191.9
0.8894 1071.3
0.91048 750.89
0.8327 1671.5
0.84448 1348.6
0.82589 1763.1
0.8301 1550.6
0.86001 1177.7
0.84057 1227.9
0.88068 1896.7
0.68411 1795.2
0.83738 1069.4
0.84507 1612.3
0.80133 1320.2
0.89858 1083.6
0.94171 1713
0.87206 710.38
0.91066 360.96
0.87721 951.6
0.83087 1298
0.85073 566.99
0.8258 1107.5
0.82718 789.33
0.8494 738.72
0.84453 468.41
0.8883 1401.6
0.68297 1390.7
0.82817 469.11
0.85302 826.61
0.79408 710.26
0.91231 617.5
0.88045 2445.1
0.86859 355.78
0.87743 804.42
0.79571 1673.5
0.86722 527.06
0.81454 919.2
0.78005 1532.4
0.80087 826.18
0.78943 1586.6
0.86369 857.34
0.77359 1392.4
0.77843 2718.4
0.6835 1041.2
0.767 1080.3
0.79413 1738.7
0.78343 1142.5
0.7891 1910.3
0.78077 2539.1
0.71316 1534.4
0.76448 1214.5
0.73614 1319.7
