0 0.93883 0.91623 0.94277 0.91584 0.92515 0.92525 0.92859 0.93538 0.75797 0.88525 0.9516 0.88641 0.95431 0.78603 0.90266 0.88454 0.8894 0.91066 0.79571
0 0 0.92091 0.90873 0.91263 0.9054 0.96233 0.89654 0.91849 0.76266 0.90528 0.91728 0.88403 0.93521 0.77596 0.92186 0.87348 0.91048 0.87721 0.86722
0 0 0 0.91486 0.9444 0.92439 0.9353 0.89129 0.86919 0.87806 0.85033 0.93212 0.89148 0.89174 0.74796 0.8443 0.81588 0.8327 0.83087 0.81454
0 0 0 0 0.91067 0.92755 0.90935 0.91101 0.88856 0.77637 0.85325 0.95436 0.87566 0.90762 0.7527 0.8566 0.84168 0.84448 0.85073 0.78005
0 0 0 0 0 0.93529 0.91973 0.89135 0.8739 0.80318 0.85531 0.93136 0.90883 0.89341 0.75073 0.84214 0.8158 0.82589 0.8258 0.80087
0 0 0 0 0 0 0.9124 0.91443 0.87215 0.78989 0.842 0.95226 0.90531 0.891 0.74596 0.84031 0.81793 0.8301 0.82718 0.78943
0 0 0 0 0 0 0 0.90153 0.88762 0.77958 0.89147 0.91865 0.89657 0.90621 0.77032 0.87688 0.83337 0.86001 0.8494 0.86369
0 0 0 0 0 0 0 0 0.87019 0.75307 0.84127 0.9078 0.86858 0.89011 0.74498 0.84873 0.82834 0.84057 0.84453 0.77359
0 0 0 0 0 0 0 0 0 0.70211 0.84762 0.8949 0.84371 0.95043 0.75271 0.90434 0.89392 0.88068 0.8883 0.77843
0 0 0 0 0 0 0 0 0 0 0.68409 0.78995 0.73652 0.73123 0.61421 0.68664 0.6534 0.68411 0.68297 0.6835
0 0 0 0 0 0 0 0 0 0 0 0.85378 0.83271 0.87083 0.72546 0.84218 0.81647 0.83738 0.82817 0.767
0 0 0 0 0 0 0 0 0 0 0 0 0.89705 0.91611 0.76235 0.86143 0.83909 0.84507 0.85302 0.79413
0 0 0 0 0 0 0 0 0 0 0 0 0 0.85997 0.72426 0.81421 0.79085 0.80133 0.79408 0.78343
0 0 0 0 0 0 0 0 0 0 0 0 0 0 0.76711 0.91805 0.90936 0.89858 0.91231 0.7891
0 0 0 0 0 0 0 0 0 0 0 0 0 0 0 0.72974 0.70354 0.71563 0.71208 0.65226
0 0 0 0 0 0 0 0 0 0 0 0 0 0 0 0 0.87726 0.94171 0.88045 0.78077
0 0 0 0 0 0 0 0 0 0 0 0 0 0 0 0 0 0.87206 0.86859 0.71316
0 0 0 0 0 0 0 0 0 0 0 0 0 0 0 0 0 0 0.87743 0.76448
0 0 0 0 0 0 0 0 0 0 0 0 0 0 0 0 0 0 0 0.73614
0 0 0 0 0 0 0 0 0 0 0 0 0 0 0 0 0 0 0 0
